{
 "cells": [
  {
   "cell_type": "markdown",
   "id": "44f12efa-3bdd-458f-90f6-ae159a96500f",
   "metadata": {},
   "source": [
    "## **Optimization**"
   ]
  },
  {
   "cell_type": "code",
   "execution_count": 3,
   "id": "47d30a3c-0d16-4857-8454-982234346454",
   "metadata": {},
   "outputs": [],
   "source": [
    "import numpy as np\n",
    "import cvxpy as cp\n",
    "import cplex\n",
    "from tqdm import tqdm\n",
    "\n",
    "from pypfopt.efficient_frontier import EfficientFrontier\n",
    "from pypfopt import risk_models\n",
    "from pypfopt import expected_returns\n",
    "\n",
    "import matplotlib.pyplot as plt\n",
    "import pandas as pd\n",
    "import pandas_datareader.data as pdr\n",
    "import yfinance as yf\n",
    "\n",
    "from dateutil.relativedelta import relativedelta\n",
    "from datetime import datetime"
   ]
  },
  {
   "cell_type": "code",
   "execution_count": 4,
   "id": "dfb642ef-b857-4a51-8724-1ca57f7f1f9a",
   "metadata": {},
   "outputs": [],
   "source": [
    "market_data = pd.read_csv('./new_market.csv')"
   ]
  },
  {
   "cell_type": "code",
   "execution_count": 5,
   "id": "f9232008-96ce-4ebf-b23c-7ae8a1620d03",
   "metadata": {},
   "outputs": [],
   "source": [
    "stocks_15 = {\n",
    "    \"AAPL\": 0.084, \"AMZN\": 0.074, \"NVDA\": 0.064, \"JPM\": 0.054, \"PG\": 0.054,\n",
    "    \"PFE\": 0.064, \"JNJ\": 0.064, \"KO\": 0.054, \"XOM\": 0.064, \"NEE\": 0.074,\n",
    "    \"GOOGL\": 0.084, \"MSFT\": 0.084, \"TSLA\": 0.074, \"NKE\": 0.054, \"BAC\": 0.054\n",
    "}\n",
    "\n",
    "stocks_30 = {\n",
    "    \"MSFT\": 0.067, \"AMZN\": 0.067, \"NVDA\": 0.067, \"AAPL\": 0.067, \"GOOGL\": 0.067,\n",
    "    \"ADBE\": 0.067, \"JNJ\": 0.05, \"PFE\": 0.05, \"MRK\": 0.05, \"ABT\": 0.05, \n",
    "    \"PG\": 0.05, \"KO\": 0.05, \"JPM\": 0.05, \"GS\": 0.05, \"CAT\": 0.025, \n",
    "    \"CVX\": 0.025, \"XOM\": 0.025, \"BA\": 0.025, \"TSLA\": 0.025, \"NEE\": 0.025, \n",
    "    \"NKE\": 0.005, \"VZ\": 0.005, \"CRM\": 0.005, \"UNH\": 0.005, \"WMT\": 0.005, \n",
    "    \"QCOM\": 0.005, \"BAC\": 0.005, \"V\": 0.005, \"MCD\": 0.005, \"INTC\": 0.005\n",
    "}\n",
    "\n",
    "stocks_45 = {\n",
    "    \"AAPL\": 0.05, \"GOOGL\": 0.04, \"MSFT\": 0.04, \"NVDA\": 0.03, \"AMD\": 0.03, \n",
    "    \"ORCL\": 0.02, \"CRM\": 0.02, \"INTC\": 0.01, \"CSCO\": 0.01, \"JPM\": 0.04, \n",
    "    \"GS\": 0.03, \"BAC\": 0.03, \"MS\": 0.02, \"AXP\": 0.02, \"C\": 0.01,\n",
    "    \"JNJ\": 0.03, \"UNH\": 0.03, \"PFE\": 0.02, \"ABBV\": 0.02, \"TSLA\": 0.02, \n",
    "    \"AMGN\": 0.02, \"GILD\": 0.01, \"PG\": 0.03, \"KO\": 0.03, \"NKE\": 0.02, \n",
    "    \"PEP\": 0.02, \"COST\": 0.02, \"WMT\": 0.02, \"TGT\": 0.01, \"XOM\": 0.025, \n",
    "    \"CVX\": 0.025, \"NEE\": 0.02, \"DUK\": 0.01, \"SO\": 0.01, \"SLB\": 0.01,\n",
    "    \"MMM\": 0.02, \"CAT\": 0.02, \"HON\": 0.02, \"GE\": 0.02, \"ADP\": 0.02,\n",
    "    \"AMZN\": 0.02, \"META\": 0.02, \"HD\": 0.02, \"VZ\": 0.01, \"MRK\": 0.01\n",
    "}"
   ]
  },
  {
   "cell_type": "code",
   "execution_count": 6,
   "id": "06d6ea5b-4304-4241-9177-a79cedf22590",
   "metadata": {},
   "outputs": [],
   "source": [
    "def make_dict(dict):\n",
    "    dic = {}\n",
    "    \n",
    "    for column in dict.keys():\n",
    "        dic[column] = 1/len(dict.keys())\n",
    "\n",
    "    return dic\n",
    "    \n",
    "gpt15_same = make_dict(stocks_15)\n",
    "gpt30_same = make_dict(stocks_30)\n",
    "gpt45_same = make_dict(stocks_45)"
   ]
  },
  {
   "cell_type": "code",
   "execution_count": 7,
   "id": "c4f5fe06-368a-4166-9954-09395ef0416f",
   "metadata": {},
   "outputs": [],
   "source": [
    "market_data['pricingDate'] = pd.to_datetime(market_data['pricingDate'])\n",
    "market_data.set_index('pricingDate', inplace = True)"
   ]
  },
  {
   "cell_type": "code",
   "execution_count": 8,
   "id": "5f5d542f-4d7e-42b3-bc5f-b0b939d1a359",
   "metadata": {},
   "outputs": [],
   "source": [
    "# yfinance에서 데이터 가져오는 것 대신 S&P market 데이터에서 데이터 가져울 수 있게 함수 만듬\n",
    "# 원하는 티커(dict에서 가져와도됨), 날짜 넣으면 됨\n",
    "\n",
    "\n",
    "def download(dict, start_date, end_date):\n",
    "    data = pd.DataFrame()\n",
    "    a = pd.DataFrame()\n",
    "    tickers = list(dict.keys())\n",
    "\n",
    "    for ticker in tqdm(tickers):\n",
    "        a = market_data.loc[start_date:end_date, ticker]\n",
    "        data = pd.concat([data, a], axis=1)\n",
    "\n",
    "    return data"
   ]
  },
  {
   "cell_type": "markdown",
   "id": "73220327-0e91-4ce3-98ee-f1129af75569",
   "metadata": {},
   "source": [
    "## **GMV**"
   ]
  },
  {
   "cell_type": "code",
   "execution_count": 123,
   "id": "c42ec430-08a7-47f7-995f-01c09e0bbff4",
   "metadata": {},
   "outputs": [],
   "source": [
    "# GMV 함수\n",
    "\n",
    "def gmv(dict):\n",
    "\n",
    "    data = download(dict, \"2018-05-01\", \"2023-05-01\")\n",
    "    ret = data.pct_change().dropna()\n",
    "    \n",
    "    num_assets = data.shape[1] # 종목 개수가 나와야함\n",
    "    weights = cp.Variable((num_assets,1)) # 종목 개수랑 같아야함\n",
    "    cov_mat = np.cov(ret.values.T) # 개별 종목 별 기대수익률을 구해서 Covariance Matrix를 만듬\n",
    "\n",
    "    print(cov_mat)\n",
    "    \n",
    "    obj = cp.Minimize(cp.quad_form(weights, cov_mat)) # 목적식 설정\n",
    "    \n",
    "    min_weights = 0.5 * 1 / num_assets  # 각 자산별 최소 weight\n",
    "    max_weights = 2 * 1 / num_assets\n",
    "    \n",
    "    # weights >= 0 \n",
    "    const = [cp.sum(weights) == 1, \n",
    "             weights >= min_weights,\n",
    "             weights <= max_weights]\n",
    "    \n",
    "    problem = cp.Problem(obj, const) # 문제 정의\n",
    "    problem.solve(verbose=False, solver=cp.CPLEX) # 문제 풀기\n",
    "    \n",
    "    if problem.status == \"optimal\":\n",
    "        w_opt = np.array(weights.value).flatten()\n",
    "        print(\"Optimal\")\n",
    "        # print(gmv_weights.value[:5])\n",
    "        \n",
    "        # print(max(gmv_weights.value)) # 가장 큰 weight를 보고싶으면 이거 주석 해제\n",
    "    else:\n",
    "        print(\"It isn't optimal\")\n",
    "\n",
    "    return w_opt"
   ]
  },
  {
   "cell_type": "code",
   "execution_count": 124,
   "id": "45ff8944-ad61-4994-8f28-c1469b4dbeee",
   "metadata": {
    "scrolled": true
   },
   "outputs": [
    {
     "name": "stderr",
     "output_type": "stream",
     "text": [
      "100%|██████████████████████████████████████████████████████████████████████████████████| 15/15 [00:00<00:00, 224.73it/s]"
     ]
    },
    {
     "name": "stdout",
     "output_type": "stream",
     "text": [
      "[[4.40689192e-04 3.11218504e-04 4.56533324e-04 1.96547168e-04\n",
      "  1.22100850e-04 1.18499096e-04 1.10667527e-04 1.18650055e-04\n",
      "  1.52362881e-04 1.55793816e-04 2.91857378e-04 3.13530628e-04\n",
      "  4.13780693e-04 2.37679666e-04 2.18548795e-04]\n",
      " [3.11218504e-04 5.19278364e-04 4.75198604e-04 1.43360581e-04\n",
      "  8.37375626e-05 8.86810990e-05 7.64648820e-05 7.45400262e-05\n",
      "  1.03224379e-04 1.21426783e-04 3.12827216e-04 3.18398282e-04\n",
      "  4.06182781e-04 2.24992877e-04 1.70650087e-04]\n",
      " [4.56533324e-04 4.75198604e-04 1.08469562e-03 2.57679405e-04\n",
      "  1.30771998e-04 1.33005571e-04 1.09012068e-04 1.20389206e-04\n",
      "  1.94923635e-04 1.96052569e-04 4.27304278e-04 4.54890942e-04\n",
      "  6.66748614e-04 3.54543897e-04 2.92561413e-04]\n",
      " [1.96547168e-04 1.43360581e-04 2.57679405e-04 4.12954961e-04\n",
      "  1.07574564e-04 1.26084977e-04 1.08580998e-04 1.46666718e-04\n",
      "  2.60115801e-04 1.30972587e-04 1.87630258e-04 1.85184356e-04\n",
      "  2.31298288e-04 2.15040066e-04 4.19441580e-04]\n",
      " [1.22100850e-04 8.37375626e-05 1.30771998e-04 1.07574564e-04\n",
      "  1.87217897e-04 9.89768350e-05 1.05151797e-04 1.18659733e-04\n",
      "  7.12019828e-05 1.34924031e-04 1.02506625e-04 1.25913874e-04\n",
      "  7.69515356e-05 1.10713615e-04 1.17016569e-04]\n",
      " [1.18499096e-04 8.86810990e-05 1.33005571e-04 1.26084977e-04\n",
      "  9.89768350e-05 2.69579263e-04 1.15948875e-04 9.81854855e-05\n",
      "  1.02758051e-04 1.02891764e-04 1.06663591e-04 1.20557957e-04\n",
      "  6.68671030e-05 1.00372296e-04 1.31349852e-04]\n",
      " [1.10667527e-04 7.64648820e-05 1.09012068e-04 1.08580998e-04\n",
      "  1.05151797e-04 1.15948875e-04 1.66104550e-04 9.70704707e-05\n",
      "  8.95384668e-05 1.04318470e-04 9.53340480e-05 1.10531277e-04\n",
      "  6.52790555e-05 9.49003477e-05 1.16045480e-04]\n",
      " [1.18650055e-04 7.45400262e-05 1.20389206e-04 1.46666718e-04\n",
      "  1.18659733e-04 9.81854855e-05 9.70704707e-05 1.81852662e-04\n",
      "  1.24152956e-04 1.29510592e-04 1.07260693e-04 1.18215136e-04\n",
      "  1.03429320e-04 1.23527960e-04 1.53187513e-04]\n",
      " [1.52362881e-04 1.03224379e-04 1.94923635e-04 2.60115801e-04\n",
      "  7.12019828e-05 1.02758051e-04 8.95384668e-05 1.24152956e-04\n",
      "  4.61096263e-04 1.01806333e-04 1.50568628e-04 1.34672865e-04\n",
      "  1.70085706e-04 1.72653023e-04 2.97115931e-04]\n",
      " [1.55793816e-04 1.21426783e-04 1.96052569e-04 1.30972587e-04\n",
      "  1.34924031e-04 1.02891764e-04 1.04318470e-04 1.29510592e-04\n",
      "  1.01806333e-04 2.99770842e-04 1.39445121e-04 1.59555325e-04\n",
      "  1.70871897e-04 1.53172601e-04 1.31328716e-04]\n",
      " [2.91857378e-04 3.12827216e-04 4.27304278e-04 1.87630258e-04\n",
      "  1.02506625e-04 1.06663591e-04 9.53340480e-05 1.07260693e-04\n",
      "  1.50568628e-04 1.39445121e-04 4.01241671e-04 3.11032002e-04\n",
      "  3.38243191e-04 2.23450063e-04 2.11428006e-04]\n",
      " [3.13530628e-04 3.18398282e-04 4.54890942e-04 1.85184356e-04\n",
      "  1.25913874e-04 1.20557957e-04 1.10531277e-04 1.18215136e-04\n",
      "  1.34672865e-04 1.59555325e-04 3.11032002e-04 3.82697858e-04\n",
      "  3.68940175e-04 2.29007774e-04 2.07222668e-04]\n",
      " [4.13780693e-04 4.06182781e-04 6.66748614e-04 2.31298288e-04\n",
      "  7.69515356e-05 6.68671030e-05 6.52790555e-05 1.03429320e-04\n",
      "  1.70085706e-04 1.70871897e-04 3.38243191e-04 3.68940175e-04\n",
      "  1.75892051e-03 2.94659976e-04 2.63657654e-04]\n",
      " [2.37679666e-04 2.24992877e-04 3.54543897e-04 2.15040066e-04\n",
      "  1.10713615e-04 1.00372296e-04 9.49003477e-05 1.23527960e-04\n",
      "  1.72653023e-04 1.53172601e-04 2.23450063e-04 2.29007774e-04\n",
      "  2.94659976e-04 4.37632413e-04 2.33493211e-04]\n",
      " [2.18548795e-04 1.70650087e-04 2.92561413e-04 4.19441580e-04\n",
      "  1.17016569e-04 1.31349852e-04 1.16045480e-04 1.53187513e-04\n",
      "  2.97115931e-04 1.31328716e-04 2.11428006e-04 2.07222668e-04\n",
      "  2.63657654e-04 2.33493211e-04 5.03769079e-04]]\n"
     ]
    },
    {
     "name": "stderr",
     "output_type": "stream",
     "text": [
      "\n"
     ]
    },
    {
     "name": "stdout",
     "output_type": "stream",
     "text": [
      "Optimal\n"
     ]
    },
    {
     "name": "stderr",
     "output_type": "stream",
     "text": [
      "100%|██████████████████████████████████████████████████████████████████████████████████| 30/30 [00:00<00:00, 316.71it/s]\n"
     ]
    },
    {
     "name": "stdout",
     "output_type": "stream",
     "text": [
      "[[3.82697858e-04 3.18398282e-04 4.54890942e-04 3.13530628e-04\n",
      "  3.11032002e-04 3.68344387e-04 1.10531277e-04 1.20557957e-04\n",
      "  1.11076356e-04 2.01588429e-04 1.25913874e-04 1.18215136e-04\n",
      "  1.85184356e-04 2.12391178e-04 1.66917200e-04 1.71297557e-04\n",
      "  1.34672865e-04 2.59626830e-04 3.68940175e-04 1.59555325e-04\n",
      "  2.29007774e-04 7.62618336e-05 3.40854624e-04 1.88484627e-04\n",
      "  1.15737888e-04 3.10338303e-04 2.07222668e-04 2.42286933e-04\n",
      "  1.44660730e-04 2.91007755e-04]\n",
      " [3.18398282e-04 5.19278364e-04 4.75198604e-04 3.11218504e-04\n",
      "  3.12827216e-04 3.62971442e-04 7.64648820e-05 8.86810990e-05\n",
      "  6.70937873e-05 1.68537010e-04 8.37375626e-05 7.45400262e-05\n",
      "  1.43360581e-04 1.90194381e-04 1.47027535e-04 1.13754893e-04\n",
      "  1.03224379e-04 2.26766591e-04 4.06182781e-04 1.21426783e-04\n",
      "  2.24992877e-04 5.51162900e-05 3.51999173e-04 1.34634408e-04\n",
      "  1.03947968e-04 2.98807471e-04 1.70650087e-04 2.05989312e-04\n",
      "  9.75904258e-05 2.47857266e-04]\n",
      " [4.54890942e-04 4.75198604e-04 1.08469562e-03 4.56533324e-04\n",
      "  4.27304278e-04 5.26208936e-04 1.09012068e-04 1.33005571e-04\n",
      "  1.05589734e-04 2.67335755e-04 1.30771998e-04 1.20389206e-04\n",
      "  2.57679405e-04 3.15728433e-04 2.78585799e-04 2.41215360e-04\n",
      "  1.94923635e-04 4.11543932e-04 6.66748614e-04 1.96052569e-04\n",
      "  3.54543897e-04 6.70304145e-05 4.98145128e-04 2.34030728e-04\n",
      "  1.40816193e-04 5.51460752e-04 2.92561413e-04 3.38563537e-04\n",
      "  1.80833429e-04 4.67824192e-04]\n",
      " [3.13530628e-04 3.11218504e-04 4.56533324e-04 4.40689192e-04\n",
      "  2.91857378e-04 3.37936969e-04 1.10667527e-04 1.18499096e-04\n",
      "  1.04055101e-04 1.93435452e-04 1.22100850e-04 1.18650055e-04\n",
      "  1.96547168e-04 2.28421863e-04 1.81126353e-04 1.74386365e-04\n",
      "  1.52362881e-04 2.87419651e-04 4.13780693e-04 1.55793816e-04\n",
      "  2.37679666e-04 7.67346752e-05 3.08448276e-04 1.86947904e-04\n",
      "  1.14718048e-04 3.37249992e-04 2.18548795e-04 2.42267444e-04\n",
      "  1.43983440e-04 2.94620780e-04]\n",
      " [3.11032002e-04 3.12827216e-04 4.27304278e-04 2.91857378e-04\n",
      "  4.01241671e-04 3.35690476e-04 9.53340480e-05 1.06663591e-04\n",
      "  9.07240896e-05 1.75694863e-04 1.02506625e-04 1.07260693e-04\n",
      "  1.87630258e-04 2.15704256e-04 1.75655506e-04 1.74882297e-04\n",
      "  1.50568628e-04 2.72456689e-04 3.38243191e-04 1.39445121e-04\n",
      "  2.23450063e-04 7.21695629e-05 3.08459928e-04 1.69768895e-04\n",
      "  9.32320361e-05 3.04520482e-04 2.11428006e-04 2.28368972e-04\n",
      "  1.29565605e-04 2.71936012e-04]\n",
      " [3.68344387e-04 3.62971442e-04 5.26208936e-04 3.37936969e-04\n",
      "  3.35690476e-04 5.58589686e-04 9.92809013e-05 1.12358972e-04\n",
      "  1.04296717e-04 2.15751370e-04 1.16284498e-04 1.11151912e-04\n",
      "  1.75361027e-04 2.10554833e-04 1.62039788e-04 1.50152782e-04\n",
      "  1.20460883e-04 2.75209813e-04 4.42091055e-04 1.62595020e-04\n",
      "  2.49602885e-04 6.25319333e-05 4.39628774e-04 1.80642462e-04\n",
      "  1.16300951e-04 3.55754345e-04 1.93325296e-04 2.70426237e-04\n",
      "  1.34489886e-04 3.10838637e-04]\n",
      " [1.10531277e-04 7.64648820e-05 1.09012068e-04 1.10667527e-04\n",
      "  9.53340480e-05 9.92809013e-05 1.66104550e-04 1.15948875e-04\n",
      "  1.08930795e-04 1.24810658e-04 1.05151797e-04 9.70704707e-05\n",
      "  1.08580998e-04 1.04042374e-04 1.00417343e-04 1.09265652e-04\n",
      "  8.95384668e-05 1.18884852e-04 6.52790555e-05 1.04318470e-04\n",
      "  9.49003477e-05 7.63161722e-05 8.75442457e-05 1.27238011e-04\n",
      "  7.74001250e-05 9.69093106e-05 1.16045480e-04 1.07115829e-04\n",
      "  8.46108302e-05 1.11109809e-04]\n",
      " [1.20557957e-04 8.86810990e-05 1.33005571e-04 1.18499096e-04\n",
      "  1.06663591e-04 1.12358972e-04 1.15948875e-04 2.69579263e-04\n",
      "  1.20462154e-04 1.29474347e-04 9.89768350e-05 9.81854855e-05\n",
      "  1.26084977e-04 1.12160533e-04 1.17657293e-04 1.16024199e-04\n",
      "  1.02758051e-04 1.38328478e-04 6.68671030e-05 1.02891764e-04\n",
      "  1.00372296e-04 8.00745364e-05 9.80698373e-05 1.33700020e-04\n",
      "  7.10716244e-05 1.04086136e-04 1.31349852e-04 1.21256474e-04\n",
      "  7.61079142e-05 1.29079893e-04]\n",
      " [1.11076356e-04 6.70937873e-05 1.05589734e-04 1.04055101e-04\n",
      "  9.07240896e-05 1.04296717e-04 1.08930795e-04 1.20462154e-04\n",
      "  2.11948496e-04 1.21797859e-04 9.13596246e-05 9.24315431e-05\n",
      "  1.14184312e-04 1.04695316e-04 1.03811786e-04 1.25227430e-04\n",
      "  1.01683058e-04 1.13039028e-04 7.85397567e-05 9.23374815e-05\n",
      "  9.39014869e-05 7.82746530e-05 1.02466546e-04 1.33608625e-04\n",
      "  6.51568042e-05 8.63154757e-05 1.19318002e-04 1.13068044e-04\n",
      "  9.58632005e-05 1.01409311e-04]\n",
      " [2.01588429e-04 1.68537010e-04 2.67335755e-04 1.93435452e-04\n",
      "  1.75694863e-04 2.15751370e-04 1.24810658e-04 1.29474347e-04\n",
      "  1.21797859e-04 2.84541361e-04 1.20953572e-04 1.10210267e-04\n",
      "  1.47462841e-04 1.52185039e-04 1.42316708e-04 1.25924713e-04\n",
      "  9.65126227e-05 1.78348183e-04 1.93409258e-04 1.46516791e-04\n",
      "  1.67316011e-04 8.41265871e-05 2.02643214e-04 1.72606248e-04\n",
      "  9.01810780e-05 1.84629221e-04 1.64130640e-04 1.73277133e-04\n",
      "  1.15599043e-04 1.94835370e-04]\n",
      " [1.25913874e-04 8.37375626e-05 1.30771998e-04 1.22100850e-04\n",
      "  1.02506625e-04 1.16284498e-04 1.05151797e-04 9.89768350e-05\n",
      "  9.13596246e-05 1.20953572e-04 1.87217897e-04 1.18659733e-04\n",
      "  1.07574564e-04 1.05093815e-04 8.60228527e-05 7.95599193e-05\n",
      "  7.12019828e-05 1.13894424e-04 7.69515356e-05 1.34924031e-04\n",
      "  1.10713615e-04 9.00218995e-05 9.96920008e-05 1.19197881e-04\n",
      "  1.01909296e-04 1.16721585e-04 1.17016569e-04 1.12293858e-04\n",
      "  9.57888551e-05 1.25310365e-04]\n",
      " [1.18215136e-04 7.45400262e-05 1.20389206e-04 1.18650055e-04\n",
      "  1.07260693e-04 1.11151912e-04 9.70704707e-05 9.81854855e-05\n",
      "  9.24315431e-05 1.10210267e-04 1.18659733e-04 1.81852662e-04\n",
      "  1.46666718e-04 1.32352620e-04 1.23760952e-04 1.36033306e-04\n",
      "  1.24152956e-04 1.93761292e-04 1.03429320e-04 1.29510592e-04\n",
      "  1.23527960e-04 8.58799725e-05 1.04896954e-04 1.22128758e-04\n",
      "  7.55515026e-05 1.12488709e-04 1.53187513e-04 1.34369285e-04\n",
      "  1.11933288e-04 1.25219498e-04]\n",
      " [1.85184356e-04 1.43360581e-04 2.57679405e-04 1.96547168e-04\n",
      "  1.87630258e-04 1.75361027e-04 1.08580998e-04 1.26084977e-04\n",
      "  1.14184312e-04 1.47462841e-04 1.07574564e-04 1.46666718e-04\n",
      "  4.12954961e-04 3.52756229e-04 2.74297522e-04 2.91464315e-04\n",
      "  2.60115801e-04 3.89354187e-04 2.31298288e-04 1.30972587e-04\n",
      "  2.15040066e-04 1.01965471e-04 1.87793353e-04 1.85669369e-04\n",
      "  8.07210528e-05 2.22921447e-04 4.19441580e-04 2.29247275e-04\n",
      "  1.62000529e-04 2.31715186e-04]\n",
      " [2.12391178e-04 1.90194381e-04 3.15728433e-04 2.28421863e-04\n",
      "  2.15704256e-04 2.10554833e-04 1.04042374e-04 1.12160533e-04\n",
      "  1.04695316e-04 1.52185039e-04 1.05093815e-04 1.32352620e-04\n",
      "  3.52756229e-04 4.32080844e-04 2.78184548e-04 2.84061090e-04\n",
      "  2.55506255e-04 3.89421883e-04 2.82136519e-04 1.28282919e-04\n",
      "  2.27385885e-04 9.13554890e-05 2.22226199e-04 1.94051888e-04\n",
      "  8.72529413e-05 2.59817314e-04 3.92025565e-04 2.31818265e-04\n",
      "  1.59825439e-04 2.47631537e-04]\n",
      " [1.66917200e-04 1.47027535e-04 2.78585799e-04 1.81126353e-04\n",
      "  1.75655506e-04 1.62039788e-04 1.00417343e-04 1.17657293e-04\n",
      "  1.03811786e-04 1.42316708e-04 8.60228527e-05 1.23760952e-04\n",
      "  2.74297522e-04 2.78184548e-04 4.35334243e-04 2.82078301e-04\n",
      "  2.76136348e-04 3.48713015e-04 1.93966301e-04 1.04969847e-04\n",
      "  2.07781346e-04 8.60396912e-05 1.78213326e-04 1.59434610e-04\n",
      "  7.97139254e-05 2.23187820e-04 3.09468348e-04 2.00571830e-04\n",
      "  1.21648238e-04 2.21418407e-04]\n",
      " [1.71297557e-04 1.13754893e-04 2.41215360e-04 1.74386365e-04\n",
      "  1.74882297e-04 1.50152782e-04 1.09265652e-04 1.16024199e-04\n",
      "  1.25227430e-04 1.25924713e-04 7.95599193e-05 1.36033306e-04\n",
      "  2.91464315e-04 2.84061090e-04 2.82078301e-04 5.02150036e-04\n",
      "  4.11283252e-04 3.91227217e-04 2.21605362e-04 1.29695405e-04\n",
      "  1.88882911e-04 9.10925257e-05 1.70351288e-04 2.02875040e-04\n",
      "  6.96755479e-05 2.09529508e-04 3.20479477e-04 2.16111207e-04\n",
      "  1.63693118e-04 2.15951076e-04]\n",
      " [1.34672865e-04 1.03224379e-04 1.94923635e-04 1.52362881e-04\n",
      "  1.50568628e-04 1.20460883e-04 8.95384668e-05 1.02758051e-04\n",
      "  1.01683058e-04 9.65126227e-05 7.12019828e-05 1.24152956e-04\n",
      "  2.60115801e-04 2.55506255e-04 2.76136348e-04 4.11283252e-04\n",
      "  4.61096263e-04 3.54659454e-04 1.70085706e-04 1.01806333e-04\n",
      "  1.72653023e-04 9.02375283e-05 1.39204038e-04 1.62642722e-04\n",
      "  6.56636646e-05 1.84120041e-04 2.97115931e-04 1.87476375e-04\n",
      "  1.23778168e-04 1.95138407e-04]\n",
      " [2.59626830e-04 2.26766591e-04 4.11543932e-04 2.87419651e-04\n",
      "  2.72456689e-04 2.75209813e-04 1.18884852e-04 1.38328478e-04\n",
      "  1.13039028e-04 1.78348183e-04 1.13894424e-04 1.93761292e-04\n",
      "  3.89354187e-04 3.89421883e-04 3.48713015e-04 3.91227217e-04\n",
      "  3.54659454e-04 1.01785618e-03 4.23591970e-04 1.95188295e-04\n",
      "  3.13233758e-04 1.03513605e-04 2.92544189e-04 2.28480975e-04\n",
      "  8.14870099e-05 3.22091760e-04 4.15984680e-04 3.05596226e-04\n",
      "  2.25086919e-04 3.28457561e-04]\n",
      " [3.68940175e-04 4.06182781e-04 6.66748614e-04 4.13780693e-04\n",
      "  3.38243191e-04 4.42091055e-04 6.52790555e-05 6.68671030e-05\n",
      "  7.85397567e-05 1.93409258e-04 7.69515356e-05 1.03429320e-04\n",
      "  2.31298288e-04 2.82136519e-04 1.93966301e-04 2.21605362e-04\n",
      "  1.70085706e-04 4.23591970e-04 1.75892051e-03 1.70871897e-04\n",
      "  2.94659976e-04 3.43389671e-05 4.50145575e-04 1.74043745e-04\n",
      "  9.00208535e-05 4.30046881e-04 2.63657654e-04 2.84296497e-04\n",
      "  1.82332741e-04 3.52818873e-04]\n",
      " [1.59555325e-04 1.21426783e-04 1.96052569e-04 1.55793816e-04\n",
      "  1.39445121e-04 1.62595020e-04 1.04318470e-04 1.02891764e-04\n",
      "  9.23374815e-05 1.46516791e-04 1.34924031e-04 1.29510592e-04\n",
      "  1.30972587e-04 1.28282919e-04 1.04969847e-04 1.29695405e-04\n",
      "  1.01806333e-04 1.95188295e-04 1.70871897e-04 2.99770842e-04\n",
      "  1.53172601e-04 9.88005741e-05 1.50073770e-04 1.41711319e-04\n",
      "  9.65537006e-05 1.40214226e-04 1.31328716e-04 1.34988512e-04\n",
      "  1.26812834e-04 1.52632523e-04]\n",
      " [2.29007774e-04 2.24992877e-04 3.54543897e-04 2.37679666e-04\n",
      "  2.23450063e-04 2.49602885e-04 9.49003477e-05 1.00372296e-04\n",
      "  9.39014869e-05 1.67316011e-04 1.10713615e-04 1.23527960e-04\n",
      "  2.15040066e-04 2.27385885e-04 2.07781346e-04 1.88882911e-04\n",
      "  1.72653023e-04 3.13233758e-04 2.94659976e-04 1.53172601e-04\n",
      "  4.37632413e-04 7.84360825e-05 2.48831384e-04 1.62564663e-04\n",
      "  9.13857533e-05 2.58689712e-04 2.33493211e-04 2.22620293e-04\n",
      "  1.54080980e-04 2.25259469e-04]\n",
      " [7.62618336e-05 5.51162900e-05 6.70304145e-05 7.67346752e-05\n",
      "  7.21695629e-05 6.25319333e-05 7.63161722e-05 8.00745364e-05\n",
      "  7.82746530e-05 8.41265871e-05 9.00218995e-05 8.58799725e-05\n",
      "  1.01965471e-04 9.13554890e-05 8.60396912e-05 9.10925257e-05\n",
      "  9.02375283e-05 1.03513605e-04 3.43389671e-05 9.88005741e-05\n",
      "  7.84360825e-05 1.54695066e-04 6.90685318e-05 9.62062754e-05\n",
      "  6.83460226e-05 7.01297718e-05 1.11488314e-04 8.21051549e-05\n",
      "  7.29062557e-05 9.38710888e-05]\n",
      " [3.40854624e-04 3.51999173e-04 4.98145128e-04 3.08448276e-04\n",
      "  3.08459928e-04 4.39628774e-04 8.75442457e-05 9.80698373e-05\n",
      "  1.02466546e-04 2.02643214e-04 9.96920008e-05 1.04896954e-04\n",
      "  1.87793353e-04 2.22226199e-04 1.78213326e-04 1.70351288e-04\n",
      "  1.39204038e-04 2.92544189e-04 4.50145575e-04 1.50073770e-04\n",
      "  2.48831384e-04 6.90685318e-05 6.19569737e-04 1.67878582e-04\n",
      "  1.01074200e-04 3.11621258e-04 2.14085760e-04 2.66891438e-04\n",
      "  1.45051531e-04 2.75747319e-04]\n",
      " [1.88484627e-04 1.34634408e-04 2.34030728e-04 1.86947904e-04\n",
      "  1.69768895e-04 1.80642462e-04 1.27238011e-04 1.33700020e-04\n",
      "  1.33608625e-04 1.72606248e-04 1.19197881e-04 1.22128758e-04\n",
      "  1.85669369e-04 1.94051888e-04 1.59434610e-04 2.02875040e-04\n",
      "  1.62642722e-04 2.28480975e-04 1.74043745e-04 1.41711319e-04\n",
      "  1.62564663e-04 9.62062754e-05 1.67878582e-04 3.48513408e-04\n",
      "  9.33937721e-05 1.74087151e-04 2.02731339e-04 1.82637957e-04\n",
      "  1.36102101e-04 1.81724904e-04]\n",
      " [1.15737888e-04 1.03947968e-04 1.40816193e-04 1.14718048e-04\n",
      "  9.32320361e-05 1.16300951e-04 7.74001250e-05 7.10716244e-05\n",
      "  6.51568042e-05 9.01810780e-05 1.01909296e-04 7.55515026e-05\n",
      "  8.07210528e-05 8.72529413e-05 7.97139254e-05 6.96755479e-05\n",
      "  6.56636646e-05 8.14870099e-05 9.00208535e-05 9.65537006e-05\n",
      "  9.13857533e-05 6.83460226e-05 1.01074200e-04 9.33937721e-05\n",
      "  2.05351316e-04 9.98734452e-05 9.22658977e-05 8.12308764e-05\n",
      "  7.14487799e-05 1.16282247e-04]\n",
      " [3.10338303e-04 2.98807471e-04 5.51460752e-04 3.37249992e-04\n",
      "  3.04520482e-04 3.55754345e-04 9.69093106e-05 1.04086136e-04\n",
      "  8.63154757e-05 1.84629221e-04 1.16721585e-04 1.12488709e-04\n",
      "  2.22921447e-04 2.59817314e-04 2.23187820e-04 2.09529508e-04\n",
      "  1.84120041e-04 3.22091760e-04 4.30046881e-04 1.40214226e-04\n",
      "  2.58689712e-04 7.01297718e-05 3.11621258e-04 1.74087151e-04\n",
      "  9.98734452e-05 6.82357540e-04 2.44010424e-04 2.42125419e-04\n",
      "  1.48346957e-04 3.67770749e-04]\n",
      " [2.07222668e-04 1.70650087e-04 2.92561413e-04 2.18548795e-04\n",
      "  2.11428006e-04 1.93325296e-04 1.16045480e-04 1.31349852e-04\n",
      "  1.19318002e-04 1.64130640e-04 1.17016569e-04 1.53187513e-04\n",
      "  4.19441580e-04 3.92025565e-04 3.09468348e-04 3.20479477e-04\n",
      "  2.97115931e-04 4.15984680e-04 2.63657654e-04 1.31328716e-04\n",
      "  2.33493211e-04 1.11488314e-04 2.14085760e-04 2.02731339e-04\n",
      "  9.22658977e-05 2.44010424e-04 5.03769079e-04 2.52028082e-04\n",
      "  1.69550347e-04 2.52589975e-04]\n",
      " [2.42286933e-04 2.05989312e-04 3.38563537e-04 2.42267444e-04\n",
      "  2.28368972e-04 2.70426237e-04 1.07115829e-04 1.21256474e-04\n",
      "  1.13068044e-04 1.73277133e-04 1.12293858e-04 1.34369285e-04\n",
      "  2.29247275e-04 2.31818265e-04 2.00571830e-04 2.16111207e-04\n",
      "  1.87476375e-04 3.05596226e-04 2.84296497e-04 1.34988512e-04\n",
      "  2.22620293e-04 8.21051549e-05 2.66891438e-04 1.82637957e-04\n",
      "  8.12308764e-05 2.42125419e-04 2.52028082e-04 3.33877966e-04\n",
      "  1.60977724e-04 2.26694412e-04]\n",
      " [1.44660730e-04 9.75904258e-05 1.80833429e-04 1.43983440e-04\n",
      "  1.29565605e-04 1.34489886e-04 8.46108302e-05 7.61079142e-05\n",
      "  9.58632005e-05 1.15599043e-04 9.57888551e-05 1.11933288e-04\n",
      "  1.62000529e-04 1.59825439e-04 1.21648238e-04 1.63693118e-04\n",
      "  1.23778168e-04 2.25086919e-04 1.82332741e-04 1.26812834e-04\n",
      "  1.54080980e-04 7.29062557e-05 1.45051531e-04 1.36102101e-04\n",
      "  7.14487799e-05 1.48346957e-04 1.69550347e-04 1.60977724e-04\n",
      "  2.20730885e-04 1.38114932e-04]\n",
      " [2.91007755e-04 2.47857266e-04 4.67824192e-04 2.94620780e-04\n",
      "  2.71936012e-04 3.10838637e-04 1.11109809e-04 1.29079893e-04\n",
      "  1.01409311e-04 1.94835370e-04 1.25310365e-04 1.25219498e-04\n",
      "  2.31715186e-04 2.47631537e-04 2.21418407e-04 2.15951076e-04\n",
      "  1.95138407e-04 3.28457561e-04 3.52818873e-04 1.52632523e-04\n",
      "  2.25259469e-04 9.38710888e-05 2.75747319e-04 1.81724904e-04\n",
      "  1.16282247e-04 3.67770749e-04 2.52589975e-04 2.26694412e-04\n",
      "  1.38114932e-04 5.66684387e-04]]\n",
      "Optimal\n"
     ]
    },
    {
     "name": "stderr",
     "output_type": "stream",
     "text": [
      "100%|██████████████████████████████████████████████████████████████████████████████████| 45/45 [00:00<00:00, 148.74it/s]"
     ]
    },
    {
     "name": "stdout",
     "output_type": "stream",
     "text": [
      "[[4.40689192e-04 2.91857378e-04 3.13530628e-04 ... 2.20511433e-04\n",
      "  7.67346752e-05 1.04055101e-04]\n",
      " [2.91857378e-04 4.01241671e-04 3.11032002e-04 ... 1.99148287e-04\n",
      "  7.21695629e-05 9.07240896e-05]\n",
      " [3.13530628e-04 3.11032002e-04 3.82697858e-04 ... 2.20855722e-04\n",
      "  7.62618336e-05 1.11076356e-04]\n",
      " ...\n",
      " [2.20511433e-04 1.99148287e-04 2.20855722e-04 ... 3.26587499e-04\n",
      "  8.51366104e-05 9.66530370e-05]\n",
      " [7.67346752e-05 7.21695629e-05 7.62618336e-05 ... 8.51366104e-05\n",
      "  1.54695066e-04 7.82746530e-05]\n",
      " [1.04055101e-04 9.07240896e-05 1.11076356e-04 ... 9.66530370e-05\n",
      "  7.82746530e-05 2.11948496e-04]]\n"
     ]
    },
    {
     "name": "stderr",
     "output_type": "stream",
     "text": [
      "\n"
     ]
    },
    {
     "name": "stdout",
     "output_type": "stream",
     "text": [
      "Optimal\n"
     ]
    }
   ],
   "source": [
    "gmv_15 = gmv(stocks_15)\n",
    "gmv_30 = gmv(stocks_30)\n",
    "gmv_45 = gmv(stocks_45)"
   ]
  },
  {
   "cell_type": "code",
   "execution_count": 24,
   "id": "f6ebba9c-ef78-4559-9a22-a2f920e4dd09",
   "metadata": {
    "scrolled": true
   },
   "outputs": [],
   "source": [
    "# 누적 수익률 함수\n",
    "# bool에 True를 넣으면 gpt gmv opt 데이터로 실행, False이면 GPT로 이미 가져와있는거 실행\n",
    "def MDD(cumulative_returns):\n",
    "    peak = cumulative_returns.iloc[0]\n",
    "    drawdown = np.zeros(len(cumulative_returns))\n",
    "    for i in range(1, len(cumulative_returns)):\n",
    "        if cumulative_returns.iloc[i] > peak:\n",
    "            peak = cumulative_returns.iloc[i]\n",
    "        drawdown[i] = (peak - cumulative_returns.iloc[i]) / peak\n",
    "    max_drawdown = np.max(drawdown)\n",
    "    return max_drawdown\n",
    "\n",
    "def STD(returns):\n",
    "    std_dev = np.std(returns)\n",
    "    return std_dev\n",
    "\n",
    "def SHARPE(returns, risk_free_rate=0):\n",
    "    excess_returns = returns - risk_free_rate\n",
    "    mean_excess_return = np.mean(excess_returns)\n",
    "    std_dev = np.std(returns)\n",
    "    sharpe_ratio = mean_excess_return / std_dev if std_dev != 0 else 0\n",
    "    return sharpe_ratio\n",
    "\n",
    "def cum_ret_gmv(dic, w_opt, start_date, end_date):  \n",
    "    \n",
    "    result = dict(zip(list(dic.keys()), w_opt))\n",
    "    data = download(dic, start_date, end_date)\n",
    "    ret = data.pct_change().dropna()\n",
    "    pfo_ret = ret.dot(pd.Series(result))\n",
    "    cum_ret = (1 + pfo_ret).cumprod()\n",
    "\n",
    "    print(f'포트폴리오의 MDD는: {round(MDD(cum_ret),2)*100}%')\n",
    "    print(f'포트폴리오의 표준편차는: {round(STD(pfo_ret),4)}')\n",
    "    \n",
    "    r_f = 0.02\n",
    "    print(f'포트폴리오의 Sharpe Ratio는: {round(SHARPE(pfo_ret, r_f),2)}')\n",
    "\n",
    "    return cum_ret\n",
    "\n",
    "def cum_ret_gpt(dic, start_date, end_date):  \n",
    "\n",
    "    data = download(dic, start_date, end_date)\n",
    "    ret = data.pct_change().dropna()\n",
    "    pfo_ret = ret.dot(pd.Series(dic))\n",
    "    cum_ret = (1 + pfo_ret).cumprod()\n",
    "\n",
    "    print(f'포트폴리오의 MDD는: {round(MDD(cum_ret),2)*100}%')\n",
    "    print(f'포트폴리오의 표준편차는: {round(STD(pfo_ret),4)}')\n",
    "    \n",
    "    r_f = 0.02\n",
    "    print(f'포트폴리오의 Sharpe Ratio는: {round(SHARPE(pfo_ret, r_f),2)}')\n",
    "        \n",
    "    return cum_ret"
   ]
  },
  {
   "cell_type": "code",
   "execution_count": 126,
   "id": "933df0d1-8d6e-4ef6-8098-8475087de173",
   "metadata": {},
   "outputs": [
    {
     "name": "stderr",
     "output_type": "stream",
     "text": [
      "100%|██████████████████████████████████████████████████████████████████████████████████| 15/15 [00:00<00:00, 515.15it/s]\n"
     ]
    },
    {
     "name": "stdout",
     "output_type": "stream",
     "text": [
      "포트폴리오의 MDD는: 12.0%\n",
      "포트폴리오의 표준편차는: 0.0065\n",
      "포트폴리오의 Sharpe Ratio는: -3.13\n"
     ]
    },
    {
     "name": "stderr",
     "output_type": "stream",
     "text": [
      "100%|██████████████████████████████████████████████████████████████████████████████████| 30/30 [00:00<00:00, 589.06it/s]\n"
     ]
    },
    {
     "name": "stdout",
     "output_type": "stream",
     "text": [
      "포트폴리오의 MDD는: 10.0%\n",
      "포트폴리오의 표준편차는: 0.0061\n",
      "포트폴리오의 Sharpe Ratio는: -3.33\n"
     ]
    },
    {
     "name": "stderr",
     "output_type": "stream",
     "text": [
      "100%|██████████████████████████████████████████████████████████████████████████████████| 45/45 [00:00<00:00, 654.42it/s]\n"
     ]
    },
    {
     "name": "stdout",
     "output_type": "stream",
     "text": [
      "포트폴리오의 MDD는: 8.0%\n",
      "포트폴리오의 표준편차는: 0.0062\n",
      "포트폴리오의 Sharpe Ratio는: -3.25\n"
     ]
    },
    {
     "name": "stderr",
     "output_type": "stream",
     "text": [
      "100%|██████████████████████████████████████████████████████████████████████████████████| 15/15 [00:00<00:00, 661.20it/s]\n"
     ]
    },
    {
     "name": "stdout",
     "output_type": "stream",
     "text": [
      "포트폴리오의 MDD는: 12.0%\n",
      "포트폴리오의 표준편차는: 0.0082\n",
      "포트폴리오의 Sharpe Ratio는: -2.4\n"
     ]
    },
    {
     "name": "stderr",
     "output_type": "stream",
     "text": [
      "100%|██████████████████████████████████████████████████████████████████████████████████| 30/30 [00:00<00:00, 669.45it/s]\n"
     ]
    },
    {
     "name": "stdout",
     "output_type": "stream",
     "text": [
      "포트폴리오의 MDD는: 11.0%\n",
      "포트폴리오의 표준편차는: 0.008\n",
      "포트폴리오의 Sharpe Ratio는: -2.44\n"
     ]
    },
    {
     "name": "stderr",
     "output_type": "stream",
     "text": [
      "100%|██████████████████████████████████████████████████████████████████████████████████| 45/45 [00:00<00:00, 656.26it/s]"
     ]
    },
    {
     "name": "stdout",
     "output_type": "stream",
     "text": [
      "포트폴리오의 MDD는: 10.0%\n",
      "포트폴리오의 표준편차는: 0.0071\n",
      "포트폴리오의 Sharpe Ratio는: -2.79\n"
     ]
    },
    {
     "name": "stderr",
     "output_type": "stream",
     "text": [
      "\n"
     ]
    }
   ],
   "source": [
    "# GMV, GPT OUT OF SAMPLE\n",
    "\n",
    "gmv_15_out = cum_ret_gmv(stocks_15, gmv_15, '2023-05-01', '2023-10-31')\n",
    "gmv_30_out = cum_ret_gmv(stocks_30, gmv_30, '2023-05-01', '2023-10-31')\n",
    "gmv_45_out = cum_ret_gmv(stocks_45, gmv_45, '2023-05-01', '2023-10-31')\n",
    "\n",
    "gpt_15_out = cum_ret_gpt(stocks_15, '2023-05-01', '2023-10-31')\n",
    "gpt_30_out = cum_ret_gpt(stocks_30, '2023-05-01', '2023-10-31')\n",
    "gpt_45_out = cum_ret_gpt(stocks_45, '2023-05-01', '2023-10-31')"
   ]
  },
  {
   "cell_type": "code",
   "execution_count": 127,
   "id": "eb815b2d-3125-421e-b52d-e39c1fff5dd4",
   "metadata": {},
   "outputs": [
    {
     "name": "stderr",
     "output_type": "stream",
     "text": [
      "100%|██████████████████████████████████████████████████████████████████████████████████| 15/15 [00:00<00:00, 257.09it/s]\n"
     ]
    },
    {
     "name": "stdout",
     "output_type": "stream",
     "text": [
      "포트폴리오의 MDD는: 34.0%\n",
      "포트폴리오의 표준편차는: 0.0143\n",
      "포트폴리오의 Sharpe Ratio는: -1.33\n"
     ]
    },
    {
     "name": "stderr",
     "output_type": "stream",
     "text": [
      "100%|██████████████████████████████████████████████████████████████████████████████████| 30/30 [00:00<00:00, 340.45it/s]\n"
     ]
    },
    {
     "name": "stdout",
     "output_type": "stream",
     "text": [
      "포트폴리오의 MDD는: 33.0%\n",
      "포트폴리오의 표준편차는: 0.0138\n",
      "포트폴리오의 Sharpe Ratio는: -1.39\n"
     ]
    },
    {
     "name": "stderr",
     "output_type": "stream",
     "text": [
      "100%|██████████████████████████████████████████████████████████████████████████████████| 45/45 [00:00<00:00, 333.03it/s]\n"
     ]
    },
    {
     "name": "stdout",
     "output_type": "stream",
     "text": [
      "포트폴리오의 MDD는: 33.0%\n",
      "포트폴리오의 표준편차는: 0.0134\n",
      "포트폴리오의 Sharpe Ratio는: -1.44\n"
     ]
    },
    {
     "name": "stderr",
     "output_type": "stream",
     "text": [
      "100%|██████████████████████████████████████████████████████████████████████████████████| 15/15 [00:00<00:00, 617.77it/s]\n"
     ]
    },
    {
     "name": "stdout",
     "output_type": "stream",
     "text": [
      "포트폴리오의 MDD는: 12.0%\n",
      "포트폴리오의 표준편차는: 0.0079\n",
      "포트폴리오의 Sharpe Ratio는: -2.51\n"
     ]
    },
    {
     "name": "stderr",
     "output_type": "stream",
     "text": [
      "100%|██████████████████████████████████████████████████████████████████████████████████| 30/30 [00:00<00:00, 702.09it/s]\n"
     ]
    },
    {
     "name": "stdout",
     "output_type": "stream",
     "text": [
      "포트폴리오의 MDD는: 10.0%\n",
      "포트폴리오의 표준편차는: 0.0072\n",
      "포트폴리오의 Sharpe Ratio는: -2.77\n"
     ]
    },
    {
     "name": "stderr",
     "output_type": "stream",
     "text": [
      "100%|██████████████████████████████████████████████████████████████████████████████████| 45/45 [00:00<00:00, 670.82it/s]"
     ]
    },
    {
     "name": "stdout",
     "output_type": "stream",
     "text": [
      "포트폴리오의 MDD는: 10.0%\n",
      "포트폴리오의 표준편차는: 0.007\n",
      "포트폴리오의 Sharpe Ratio는: -2.84\n"
     ]
    },
    {
     "name": "stderr",
     "output_type": "stream",
     "text": [
      "\n"
     ]
    }
   ],
   "source": [
    "# SAME WEIGHTS IN, OUT OF SAMPLE\n",
    "\n",
    "gpt_15_samein = cum_ret_gpt(gpt15_same, '2018-05-01', '2023-05-01')\n",
    "gpt_30_samein = cum_ret_gpt(gpt30_same, '2018-05-01', '2023-05-01')\n",
    "gpt_45_samein = cum_ret_gpt(gpt45_same, '2018-05-01', '2023-05-01')\n",
    "\n",
    "gpt_15_sameout = cum_ret_gpt(gpt15_same, '2023-05-01', '2023-10-31')\n",
    "gpt_30_sameout = cum_ret_gpt(gpt30_same, '2023-05-01', '2023-10-31')\n",
    "gpt_45_sameout = cum_ret_gpt(gpt45_same, '2023-05-01', '2023-10-31')"
   ]
  },
  {
   "cell_type": "code",
   "execution_count": 128,
   "id": "bb5efe30-b5a9-4b6f-a5d2-6c38e015204d",
   "metadata": {},
   "outputs": [
    {
     "name": "stderr",
     "output_type": "stream",
     "text": [
      "100%|██████████████████████████████████████████████████████████████████████████████████| 15/15 [00:00<00:00, 288.31it/s]\n"
     ]
    },
    {
     "name": "stdout",
     "output_type": "stream",
     "text": [
      "포트폴리오의 MDD는: 31.0%\n",
      "포트폴리오의 표준편차는: 0.012\n",
      "포트폴리오의 Sharpe Ratio는: -1.6\n"
     ]
    },
    {
     "name": "stderr",
     "output_type": "stream",
     "text": [
      "100%|██████████████████████████████████████████████████████████████████████████████████| 30/30 [00:00<00:00, 322.33it/s]\n"
     ]
    },
    {
     "name": "stdout",
     "output_type": "stream",
     "text": [
      "포트폴리오의 MDD는: 28.999999999999996%\n",
      "포트폴리오의 표준편차는: 0.0116\n",
      "포트폴리오의 Sharpe Ratio는: -1.67\n"
     ]
    },
    {
     "name": "stderr",
     "output_type": "stream",
     "text": [
      "100%|██████████████████████████████████████████████████████████████████████████████████| 45/45 [00:00<00:00, 327.24it/s]\n"
     ]
    },
    {
     "name": "stdout",
     "output_type": "stream",
     "text": [
      "포트폴리오의 MDD는: 27.0%\n",
      "포트폴리오의 표준편차는: 0.0114\n",
      "포트폴리오의 Sharpe Ratio는: -1.69\n"
     ]
    },
    {
     "name": "stderr",
     "output_type": "stream",
     "text": [
      "100%|██████████████████████████████████████████████████████████████████████████████████| 15/15 [00:00<00:00, 312.98it/s]\n"
     ]
    },
    {
     "name": "stdout",
     "output_type": "stream",
     "text": [
      "포트폴리오의 MDD는: 33.0%\n",
      "포트폴리오의 표준편차는: 0.0147\n",
      "포트폴리오의 Sharpe Ratio는: -1.3\n"
     ]
    },
    {
     "name": "stderr",
     "output_type": "stream",
     "text": [
