{
 "cells": [
  {
   "cell_type": "code",
   "execution_count": 1,
   "metadata": {},
   "outputs": [],
   "source": [
    "import pandas as pd"
   ]
  },
  {
   "cell_type": "code",
   "execution_count": 6,
   "metadata": {},
   "outputs": [
    {
     "data": {
      "text/html": [
       "<div>\n",
       "<style scoped>\n",
       "    .dataframe tbody tr th:only-of-type {\n",
       "        vertical-align: middle;\n",
       "    }\n",
       "\n",
       "    .dataframe tbody tr th {\n",
       "        vertical-align: top;\n",
       "    }\n",
       "\n",
       "    .dataframe thead th {\n",
       "        text-align: right;\n",
       "    }\n",
       "</style>\n",
       "<table border=\"1\" class=\"dataframe\">\n",
       "  <thead>\n",
       "    <tr style=\"text-align: right;\">\n",
       "      <th></th>\n",
       "      <th>AAPL</th>\n",
       "      <th>AMZN</th>\n",
       "      <th>NVDA</th>\n",
       "      <th>JPM</th>\n",
       "      <th>PG</th>\n",
       "      <th>PFE</th>\n",
       "      <th>JNJ</th>\n",
       "      <th>KO</th>\n",
       "      <th>XOM</th>\n",
       "      <th>NEE</th>\n",
       "      <th>GOOGL</th>\n",
       "      <th>MSFT</th>\n",
       "      <th>TSLA</th>\n",
       "      <th>NKE</th>\n",
       "      <th>BAC</th>\n",
       "    </tr>\n",
       "    <tr>\n",
       "      <th>Date</th>\n",
       "      <th></th>\n",
       "      <th></th>\n",
       "      <th></th>\n",
       "      <th></th>\n",
       "      <th></th>\n",
       "      <th></th>\n",
       "      <th></th>\n",
       "      <th></th>\n",
       "      <th></th>\n",
       "      <th></th>\n",
       "      <th></th>\n",
       "      <th></th>\n",
       "      <th></th>\n",
       "      <th></th>\n",
       "      <th></th>\n",
       "    </tr>\n",
       "  </thead>\n",
       "  <tbody>\n",
       "    <tr>\n",
       "      <th>2018-04-30</th>\n",
       "      <td>43.635254</td>\n",
       "      <td>79.047501</td>\n",
       "      <td>59.177723</td>\n",
       "      <td>92.023247</td>\n",
       "      <td>62.691250</td>\n",
       "      <td>26.604635</td>\n",
       "      <td>107.132866</td>\n",
       "      <td>35.616982</td>\n",
       "      <td>57.760536</td>\n",
       "      <td>36.229115</td>\n",
       "      <td>52.549999</td>\n",
       "      <td>89.424377</td>\n",
       "      <td>19.606001</td>\n",
       "      <td>64.398087</td>\n",
       "      <td>25.773750</td>\n",
       "    </tr>\n",
       "    <tr>\n",
       "      <th>2018-05-07</th>\n",
       "      <td>44.765125</td>\n",
       "      <td>80.145500</td>\n",
       "      <td>63.007214</td>\n",
       "      <td>96.631638</td>\n",
       "      <td>63.504879</td>\n",
       "      <td>27.108622</td>\n",
       "      <td>109.763962</td>\n",
       "      <td>35.431995</td>\n",
       "      <td>61.050396</td>\n",
       "      <td>35.489479</td>\n",
       "      <td>55.168999</td>\n",
       "      <td>91.811287</td>\n",
       "      <td>20.070667</td>\n",
       "      <td>64.710152</td>\n",
       "      <td>27.198784</td>\n",
       "    </tr>\n",
       "    <tr>\n",
       "      <th>2018-05-14</th>\n",
       "      <td>44.394451</td>\n",
       "      <td>78.718498</td>\n",
       "      <td>60.880829</td>\n",
       "      <td>94.314720</td>\n",
       "      <td>63.574104</td>\n",
       "      <td>27.481207</td>\n",
       "      <td>107.176018</td>\n",
       "      <td>35.465626</td>\n",
       "      <td>61.684383</td>\n",
       "      <td>34.542301</td>\n",
       "      <td>53.481998</td>\n",
       "      <td>90.552055</td>\n",
       "      <td>18.454666</td>\n",
       "      <td>67.443069</td>\n",
       "      <td>26.618214</td>\n",
       "    </tr>\n",
       "    <tr>\n",
       "      <th>2018-05-21</th>\n",
       "      <td>44.935356</td>\n",
       "      <td>80.507500</td>\n",
       "      <td>61.707607</td>\n",
       "      <td>93.915833</td>\n",
       "      <td>64.318474</td>\n",
       "      <td>27.512045</td>\n",
       "      <td>104.786446</td>\n",
       "      <td>35.650600</td>\n",
       "      <td>59.719284</td>\n",
       "      <td>35.860397</td>\n",
       "      <td>54.203999</td>\n",
       "      <td>92.832115</td>\n",
       "      <td>18.590000</td>\n",
       "      <td>68.322510</td>\n",
       "      <td>26.530241</td>\n",
       "    </tr>\n",
       "    <tr>\n",
       "      <th>2018-05-28</th>\n",
       "      <td>45.330898</td>\n",
       "      <td>82.077003</td>\n",
       "      <td>63.811558</td>\n",
       "      <td>91.997810</td>\n",
       "      <td>63.574104</td>\n",
       "      <td>27.951559</td>\n",
       "      <td>105.381111</td>\n",
       "      <td>36.255989</td>\n",
       "      <td>62.086517</td>\n",
       "      <td>36.006126</td>\n",
       "      <td>56.750000</td>\n",
       "      <td>95.125565</td>\n",
       "      <td>19.454666</td>\n",
       "      <td>68.804787</td>\n",
       "      <td>25.861712</td>\n",
       "    </tr>\n",
       "    <tr>\n",
       "      <th>...</th>\n",
       "      <td>...</td>\n",
       "      <td>...</td>\n",
       "      <td>...</td>\n",
       "      <td>...</td>\n",
       "      <td>...</td>\n",
       "      <td>...</td>\n",
       "      <td>...</td>\n",
       "      <td>...</td>\n",
       "      <td>...</td>\n",
       "      <td>...</td>\n",
       "      <td>...</td>\n",
       "      <td>...</td>\n",
       "      <td>...</td>\n",
       "      <td>...</td>\n",
       "      <td>...</td>\n",
       "    </tr>\n",
       "    <tr>\n",
       "      <th>2023-03-27</th>\n",
       "      <td>164.233780</td>\n",
       "      <td>103.290001</td>\n",
       "      <td>277.718353</td>\n",
       "      <td>127.472801</td>\n",
       "      <td>145.918686</td>\n",
       "      <td>39.387459</td>\n",
       "      <td>152.730377</td>\n",
       "      <td>61.076588</td>\n",
       "      <td>106.855545</td>\n",
       "      <td>76.061516</td>\n",
       "      <td>103.730003</td>\n",
       "      <td>287.063324</td>\n",
       "      <td>207.460007</td>\n",
       "      <td>121.829010</td>\n",
       "      <td>28.139095</td>\n",
       "    </tr>\n",
       "    <tr>\n",
       "      <th>2023-04-03</th>\n",
       "      <td>163.994766</td>\n",
       "      <td>102.059998</td>\n",
       "      <td>270.319733</td>\n",
       "      <td>124.694626</td>\n",
       "      <td>149.382904</td>\n",
       "      <td>40.063225</td>\n",
       "      <td>162.731750</td>\n",
       "      <td>61.874138</td>\n",
       "      <td>112.107712</td>\n",
       "      <td>77.926544</td>\n",
       "      <td>108.419998</td>\n",
       "      <td>290.349182</td>\n",
       "      <td>185.059998</td>\n",
       "      <td>119.425018</td>\n",
       "      <td>27.391342</td>\n",
       "    </tr>\n",
       "    <tr>\n",
       "      <th>2023-04-10</th>\n",
       "      <td>164.542542</td>\n",
       "      <td>102.510002</td>\n",
       "      <td>267.530273</td>\n",
       "      <td>136.774521</td>\n",
       "      <td>148.185623</td>\n",
       "      <td>39.763954</td>\n",
       "      <td>163.411652</td>\n",
       "      <td>62.080910</td>\n",
       "      <td>113.082138</td>\n",
       "      <td>76.989098</td>\n",
       "      <td>108.870003</td>\n",
       "      <td>284.912659</td>\n",
       "      <td>185.000000</td>\n",
       "      <td>125.117119</td>\n",
       "      <td>29.044270</td>\n",
       "    </tr>\n",
       "    <tr>\n",
       "      <th>2023-04-17</th>\n",
       "      <td>164.353302</td>\n",
       "      <td>106.959999</td>\n",
       "      <td>271.139587</td>\n",
       "      <td>138.559006</td>\n",
       "      <td>153.161148</td>\n",
       "      <td>38.817883</td>\n",
       "      <td>160.307785</td>\n",
       "      <td>63.065544</td>\n",
       "      <td>113.043159</td>\n",
       "      <td>77.946274</td>\n",
       "      <td>105.410004</td>\n",
       "      <td>284.534271</td>\n",
       "      <td>165.080002</td>\n",
       "      <td>124.699898</td>\n",
       "      <td>29.388628</td>\n",
       "    </tr>\n",
       "    <tr>\n",
       "      <th>2023-04-24</th>\n",
       "      <td>168.994461</td>\n",
       "      <td>105.449997</td>\n",
       "      <td>277.438416</td>\n",
       "      <td>136.291428</td>\n",
       "      <td>154.426193</td>\n",
       "      <td>37.543587</td>\n",
       "      <td>161.302994</td>\n",
       "      <td>63.164001</td>\n",
       "      <td>115.313568</td>\n",
       "      <td>75.617455</td>\n",
       "      <td>107.339996</td>\n",
       "      <td>305.942047</td>\n",
       "      <td>164.309998</td>\n",
       "      <td>125.882027</td>\n",
       "      <td>28.808138</td>\n",
       "    </tr>\n",
       "  </tbody>\n",
       "</table>\n",
       "<p>261 rows × 15 columns</p>\n",
       "</div>"
      ],
      "text/plain": [
       "                  AAPL        AMZN        NVDA         JPM          PG  \\\n",
       "Date                                                                     \n",
       "2018-04-30   43.635254   79.047501   59.177723   92.023247   62.691250   \n",
       "2018-05-07   44.765125   80.145500   63.007214   96.631638   63.504879   \n",
       "2018-05-14   44.394451   78.718498   60.880829   94.314720   63.574104   \n",
       "2018-05-21   44.935356   80.507500   61.707607   93.915833   64.318474   \n",
       "2018-05-28   45.330898   82.077003   63.811558   91.997810   63.574104   \n",
       "...                ...         ...         ...         ...         ...   \n",
       "2023-03-27  164.233780  103.290001  277.718353  127.472801  145.918686   \n",
       "2023-04-03  163.994766  102.059998  270.319733  124.694626  149.382904   \n",
       "2023-04-10  164.542542  102.510002  267.530273  136.774521  148.185623   \n",
       "2023-04-17  164.353302  106.959999  271.139587  138.559006  153.161148   \n",
       "2023-04-24  168.994461  105.449997  277.438416  136.291428  154.426193   \n",
       "\n",
       "                  PFE         JNJ         KO         XOM        NEE  \\\n",
       "Date                                                                  \n",
       "2018-04-30  26.604635  107.132866  35.616982   57.760536  36.229115   \n",
       "2018-05-07  27.108622  109.763962  35.431995   61.050396  35.489479   \n",
       "2018-05-14  27.481207  107.176018  35.465626   61.684383  34.542301   \n",
       "2018-05-21  27.512045  104.786446  35.650600   59.719284  35.860397   \n",
       "2018-05-28  27.951559  105.381111  36.255989   62.086517  36.006126   \n",
       "...               ...         ...        ...         ...        ...   \n",
       "2023-03-27  39.387459  152.730377  61.076588  106.855545  76.061516   \n",
       "2023-04-03  40.063225  162.731750  61.874138  112.107712  77.926544   \n",
       "2023-04-10  39.763954  163.411652  62.080910  113.082138  76.989098   \n",
       "2023-04-17  38.817883  160.307785  63.065544  113.043159  77.946274   \n",
       "2023-04-24  37.543587  161.302994  63.164001  115.313568  75.617455   \n",
       "\n",
       "                 GOOGL        MSFT        TSLA         NKE        BAC  \n",
       "Date                                                                   \n",
       "2018-04-30   52.549999   89.424377   19.606001   64.398087  25.773750  \n",
       "2018-05-07   55.168999   91.811287   20.070667   64.710152  27.198784  \n",
       "2018-05-14   53.481998   90.552055   18.454666   67.443069  26.618214  \n",
       "2018-05-21   54.203999   92.832115   18.590000   68.322510  26.530241  \n",
       "2018-05-28   56.750000   95.125565   19.454666   68.804787  25.861712  \n",
       "...                ...         ...         ...         ...        ...  \n",
       "2023-03-27  103.730003  287.063324  207.460007  121.829010  28.139095  \n",
       "2023-04-03  108.419998  290.349182  185.059998  119.425018  27.391342  \n",
       "2023-04-10  108.870003  284.912659  185.000000  125.117119  29.044270  \n",
       "2023-04-17  105.410004  284.534271  165.080002  124.699898  29.388628  \n",
       "2023-04-24  107.339996  305.942047  164.309998  125.882027  28.808138  \n",
       "\n",
       "[261 rows x 15 columns]"
      ]
     },
     "execution_count": 6,
     "metadata": {},
     "output_type": "execute_result"
    }
   ],
   "source": [
    "ticker_15 = pd.read_csv('./all_prices_15.csv', index_col= 'Date')\n",
    "ticker_15.index = pd.to_datetime(ticker_15.index)\n",
    "ticker_15"
   ]
  },
  {
   "cell_type": "code",
   "execution_count": 7,
   "metadata": {},
   "outputs": [
    {
     "data": {
      "text/html": [
       "<div>\n",
       "<style scoped>\n",
       "    .dataframe tbody tr th:only-of-type {\n",
       "        vertical-align: middle;\n",
       "    }\n",
       "\n",
       "    .dataframe tbody tr th {\n",
       "        vertical-align: top;\n",
       "    }\n",
       "\n",
       "    .dataframe thead th {\n",
       "        text-align: right;\n",
       "    }\n",
       "</style>\n",
       "<table border=\"1\" class=\"dataframe\">\n",
       "  <thead>\n",
       "    <tr style=\"text-align: right;\">\n",
       "      <th></th>\n",
       "      <th>AAPL</th>\n",
       "      <th>AMZN</th>\n",
       "      <th>NVDA</th>\n",
       "      <th>JPM</th>\n",
       "      <th>PG</th>\n",
       "      <th>PFE</th>\n",
       "      <th>JNJ</th>\n",
       "      <th>KO</th>\n",
       "      <th>XOM</th>\n",
       "      <th>NEE</th>\n",
       "      <th>GOOGL</th>\n",
       "      <th>MSFT</th>\n",
       "      <th>TSLA</th>\n",
       "      <th>NKE</th>\n",
       "      <th>BAC</th>\n",
       "    </tr>\n",
       "  </thead>\n",
       "  <tbody>\n",
       "    <tr>\n",
       "      <th>AAPL</th>\n",
       "      <td>2109.154696</td>\n",
       "      <td>1057.755199</td>\n",
       "      <td>3270.069706</td>\n",
       "      <td>767.889501</td>\n",
       "      <td>1044.487197</td>\n",
       "      <td>255.222557</td>\n",
       "      <td>866.578451</td>\n",
       "      <td>296.801354</td>\n",
       "      <td>404.862455</td>\n",
       "      <td>692.488486</td>\n",
       "      <td>1245.136903</td>\n",
       "      <td>3222.386778</td>\n",
       "      <td>4931.164231</td>\n",
       "      <td>1087.238507</td>\n",
       "      <td>221.155242</td>\n",
       "    </tr>\n",
       "    <tr>\n",
       "      <th>AMZN</th>\n",
       "      <td>1057.755199</td>\n",
       "      <td>1140.170543</td>\n",
       "      <td>1715.578648</td>\n",
       "      <td>432.560609</td>\n",
       "      <td>504.741861</td>\n",
       "      <td>73.234457</td>\n",
       "      <td>376.631184</td>\n",
       "      <td>73.693454</td>\n",
       "      <td>-231.998129</td>\n",
       "      <td>363.479757</td>\n",
       "      <td>762.978477</td>\n",
       "      <td>1804.353894</td>\n",
       "      <td>2915.887562</td>\n",
       "      <td>810.258108</td>\n",
       "      <td>123.039475</td>\n",
       "    </tr>\n",
       "    <tr>\n",
       "      <th>NVDA</th>\n",
       "      <td>3270.069706</td>\n",
       "      <td>1715.578648</td>\n",
       "      <td>5923.926829</td>\n",
       "      <td>1353.985056</td>\n",
       "      <td>1573.130733</td>\n",
       "      <td>420.421285</td>\n",
       "      <td>1271.752345</td>\n",
       "      <td>435.984945</td>\n",
       "      <td>628.686725</td>\n",
       "      <td>1029.212680</td>\n",
       "      <td>2111.462587</td>\n",
       "      <td>5241.208874</td>\n",
       "      <td>7840.613208</td>\n",
       "      <td>1884.164216</td>\n",
       "      <td>390.020769</td>\n",
       "    </tr>\n",
       "    <tr>\n",
       "      <th>JPM</th>\n",
       "      <td>767.889501</td>\n",
       "      <td>432.560609</td>\n",
       "      <td>1353.985056</td>\n",
       "      <td>511.742212</td>\n",
       "      <td>385.333323</td>\n",
       "      <td>96.774378</td>\n",
       "      <td>328.890831</td>\n",
       "      <td>114.825962</td>\n",
       "      <td>157.881433</td>\n",
       "      <td>260.810103</td>\n",
       "      <td>570.424086</td>\n",
       "      <td>1285.304674</td>\n",
       "      <td>1910.289321</td>\n",
       "      <td>544.154148</td>\n",
       "      <td>139.476906</td>\n",
       "    </tr>\n",
       "    <tr>\n",
       "      <th>PG</th>\n",
       "      <td>1044.487197</td>\n",
       "      <td>504.741861</td>\n",
       "      <td>1573.130733</td>\n",
       "      <td>385.333323</td>\n",
       "      <td>615.595328</td>\n",
       "      <td>128.465205</td>\n",
       "      <td>446.621702</td>\n",
       "      <td>169.185295</td>\n",
       "      <td>183.309933</td>\n",
       "      <td>370.996558</td>\n",
       "      <td>602.063382</td>\n",
       "      <td>1654.071144</td>\n",
       "      <td>2323.170815</td>\n",
       "      <td>558.307319</td>\n",
       "      <td>105.989132</td>\n",
       "    </tr>\n",
       "    <tr>\n",
       "      <th>PFE</th>\n",
       "      <td>255.222557</td>\n",
       "      <td>73.234457</td>\n",
       "      <td>420.421285</td>\n",
       "      <td>96.774378</td>\n",
       "      <td>128.465205</td>\n",
       "      <td>52.586512</td>\n",
       "      <td>121.857008</td>\n",
       "      <td>45.679872</td>\n",
       "      <td>99.978835</td>\n",
       "      <td>81.373484</td>\n",
       "      <td>162.684496</td>\n",
       "      <td>388.616238</td>\n",
       "      <td>619.578797</td>\n",
       "      <td>114.499165</td>\n",
       "      <td>34.358545</td>\n",
       "    </tr>\n",
       "    <tr>\n",
       "      <th>JNJ</th>\n",
       "      <td>866.578451</td>\n",
       "      <td>376.631184</td>\n",
       "      <td>1271.752345</td>\n",
       "      <td>328.890831</td>\n",
       "      <td>446.621702</td>\n",
       "      <td>121.857008</td>\n",
       "      <td>413.486054</td>\n",
       "      <td>137.950106</td>\n",
       "      <td>221.494622</td>\n",
       "      <td>293.209503</td>\n",
       "      <td>514.361001</td>\n",
       "      <td>1326.260398</td>\n",
       "      <td>1996.744381</td>\n",
       "      <td>426.555636</td>\n",
       "      <td>95.557355</td>\n",
       "    </tr>\n",
       "    <tr>\n",
       "      <th>KO</th>\n",
       "      <td>296.801354</td>\n",
       "      <td>73.693454</td>\n",
       "      <td>435.984945</td>\n",
       "      <td>114.825962</td>\n",
       "      <td>169.185295</td>\n",
       "      <td>45.679872</td>\n",
       "      <td>137.950106</td>\n",
       "      <td>59.887629</td>\n",
       "      <td>112.691809</td>\n",
       "      <td>101.881963</td>\n",
       "      <td>166.305292</td>\n",
       "      <td>446.873559</td>\n",
       "      <td>635.394875</td>\n",
       "      <td>128.049528</td>\n",
       "      <td>33.336403</td>\n",
       "    </tr>\n",
       "    <tr>\n",
       "      <th>XOM</th>\n",
       "      <td>404.862455</td>\n",
       "      <td>-231.998129</td>\n",
       "      <td>628.686725</td>\n",
       "      <td>157.881433</td>\n",
       "      <td>183.309933</td>\n",
       "      <td>99.978835</td>\n",
       "      <td>221.494622</td>\n",
       "      <td>112.691809</td>\n",
       "      <td>467.808483</td>\n",
       "      <td>109.045155</td>\n",
       "      <td>172.588380</td>\n",
       "      <td>482.903300</td>\n",
       "      <td>681.101667</td>\n",
       "      <td>23.814958</td>\n",
       "      <td>50.911529</td>\n",
       "    </tr>\n",
       "    <tr>\n",
       "      <th>NEE</th>\n",
       "      <td>692.488486</td>\n",
       "      <td>363.479757</td>\n",
       "      <td>1029.212680</td>\n",
       "      <td>260.810103</td>\n",
       "      <td>370.996558</td>\n",
       "      <td>81.373484</td>\n",
       "      <td>293.209503</td>\n",
       "      <td>101.881963</td>\n",
       "      <td>109.045155</td>\n",
       "      <td>252.043168</td>\n",
       "      <td>406.106852</td>\n",
       "      <td>1085.378171</td>\n",
       "      <td>1614.537776</td>\n",
       "      <td>375.349396</td>\n",
       "      <td>70.968311</td>\n",
       "    </tr>\n",
       "    <tr>\n",
       "      <th>GOOGL</th>\n",
       "      <td>1245.136903</td>\n",
       "      <td>762.978477</td>\n",
       "      <td>2111.462587</td>\n",
       "      <td>570.424086</td>\n",
       "      <td>602.063382</td>\n",
       "      <td>162.684496</td>\n",
       "      <td>514.361001</td>\n",
       "      <td>166.305292</td>\n",
       "      <td>172.588380</td>\n",
       "      <td>406.106852</td>\n",
       "      <td>886.152143</td>\n",
       "      <td>2046.840322</td>\n",
       "      <td>3181.448008</td>\n",
       "      <td>763.253579</td>\n",
       "      <td>173.222610</td>\n",
       "    </tr>\n",
       "    <tr>\n",
       "      <th>MSFT</th>\n",
       "      <td>3222.386778</td>\n",
       "      <td>1804.353894</td>\n",
       "      <td>5241.208874</td>\n",
       "      <td>1285.304674</td>\n",
       "      <td>1654.071144</td>\n",
       "      <td>388.616238</td>\n",
       "      <td>1326.260398</td>\n",
       "      <td>446.873559</td>\n",
       "      <td>482.903300</td>\n",
       "      <td>1085.378171</td>\n",
       "      <td>2046.840322</td>\n",
       "      <td>5209.439395</td>\n",
       "      <td>7696.553231</td>\n",
       "      <td>1826.710659</td>\n",
       "      <td>366.866789</td>\n",
       "    </tr>\n",
       "    <tr>\n",
       "      <th>TSLA</th>\n",
       "      <td>4931.164231</td>\n",
       "      <td>2915.887562</td>\n",
       "      <td>7840.613208</td>\n",
       "      <td>1910.289321</td>\n",
       "      <td>2323.170815</td>\n",
       "      <td>619.578797</td>\n",
       "      <td>1996.744381</td>\n",
       "      <td>635.394875</td>\n",
       "      <td>681.101667</td>\n",
       "      <td>1614.537776</td>\n",
       "      <td>3181.448008</td>\n",
       "      <td>7696.553231</td>\n",
       "      <td>13063.675581</td>\n",
       "      <td>2765.128479</td>\n",
       "      <td>591.496656</td>\n",
       "    </tr>\n",
       "    <tr>\n",
       "      <th>NKE</th>\n",
       "      <td>1087.238507</td>\n",
       "      <td>810.258108</td>\n",
       "      <td>1884.164216</td>\n",
       "      <td>544.154148</td>\n",
       "      <td>558.307319</td>\n",
       "      <td>114.499165</td>\n",
       "      <td>426.555636</td>\n",
       "      <td>128.049528</td>\n",
       "      <td>23.814958</td>\n",
       "      <td>375.349396</td>\n",
       "      <td>763.253579</td>\n",
       "      <td>1826.710659</td>\n",
       "      <td>2765.128479</td>\n",
       "      <td>811.989691</td>\n",
       "      <td>145.773168</td>\n",
       "    </tr>\n",
       "    <tr>\n",
       "      <th>BAC</th>\n",
       "      <td>221.155242</td>\n",
       "      <td>123.039475</td>\n",
       "      <td>390.020769</td>\n",
       "      <td>139.476906</td>\n",
       "      <td>105.989132</td>\n",
       "      <td>34.358545</td>\n",
       "      <td>95.557355</td>\n",
       "      <td>33.336403</td>\n",
       "      <td>50.911529</td>\n",
       "      <td>70.968311</td>\n",
       "      <td>173.222610</td>\n",
       "      <td>366.866789</td>\n",
       "      <td>591.496656</td>\n",
       "      <td>145.773168</td>\n",
       "      <td>44.257108</td>\n",
       "    </tr>\n",
       "  </tbody>\n",
       "</table>\n",
       "</div>"
      ],
      "text/plain": [
       "              AAPL         AMZN         NVDA          JPM           PG  \\\n",
       "AAPL   2109.154696  1057.755199  3270.069706   767.889501  1044.487197   \n",
       "AMZN   1057.755199  1140.170543  1715.578648   432.560609   504.741861   \n",
       "NVDA   3270.069706  1715.578648  5923.926829  1353.985056  1573.130733   \n",
       "JPM     767.889501   432.560609  1353.985056   511.742212   385.333323   \n",
       "PG     1044.487197   504.741861  1573.130733   385.333323   615.595328   \n",
       "PFE     255.222557    73.234457   420.421285    96.774378   128.465205   \n",
       "JNJ     866.578451   376.631184  1271.752345   328.890831   446.621702   \n",
       "KO      296.801354    73.693454   435.984945   114.825962   169.185295   \n",
       "XOM     404.862455  -231.998129   628.686725   157.881433   183.309933   \n",
       "NEE     692.488486   363.479757  1029.212680   260.810103   370.996558   \n",
       "GOOGL  1245.136903   762.978477  2111.462587   570.424086   602.063382   \n",
       "MSFT   3222.386778  1804.353894  5241.208874  1285.304674  1654.071144   \n",
       "TSLA   4931.164231  2915.887562  7840.613208  1910.289321  2323.170815   \n",
       "NKE    1087.238507   810.258108  1884.164216   544.154148   558.307319   \n",
       "BAC     221.155242   123.039475   390.020769   139.476906   105.989132   \n",
       "\n",
       "              PFE          JNJ          KO         XOM          NEE  \\\n",
       "AAPL   255.222557   866.578451  296.801354  404.862455   692.488486   \n",
       "AMZN    73.234457   376.631184   73.693454 -231.998129   363.479757   \n",
       "NVDA   420.421285  1271.752345  435.984945  628.686725  1029.212680   \n",
       "JPM     96.774378   328.890831  114.825962  157.881433   260.810103   \n",
       "PG     128.465205   446.621702  169.185295  183.309933   370.996558   \n",
       "PFE     52.586512   121.857008   45.679872   99.978835    81.373484   \n",
       "JNJ    121.857008   413.486054  137.950106  221.494622   293.209503   \n",
       "KO      45.679872   137.950106   59.887629  112.691809   101.881963   \n",
       "XOM     99.978835   221.494622  112.691809  467.808483   109.045155   \n",
       "NEE     81.373484   293.209503  101.881963  109.045155   252.043168   \n",
       "GOOGL  162.684496   514.361001  166.305292  172.588380   406.106852   \n",
       "MSFT   388.616238  1326.260398  446.873559  482.903300  1085.378171   \n",
       "TSLA   619.578797  1996.744381  635.394875  681.101667  1614.537776   \n",
       "NKE    114.499165   426.555636  128.049528   23.814958   375.349396   \n",
       "BAC     34.358545    95.557355   33.336403   50.911529    70.968311   \n",
       "\n",
       "             GOOGL         MSFT          TSLA          NKE         BAC  \n",
       "AAPL   1245.136903  3222.386778   4931.164231  1087.238507  221.155242  \n",
       "AMZN    762.978477  1804.353894   2915.887562   810.258108  123.039475  \n",
       "NVDA   2111.462587  5241.208874   7840.613208  1884.164216  390.020769  \n",
       "JPM     570.424086  1285.304674   1910.289321   544.154148  139.476906  \n",
       "PG      602.063382  1654.071144   2323.170815   558.307319  105.989132  \n",
       "PFE     162.684496   388.616238    619.578797   114.499165   34.358545  \n",
       "JNJ     514.361001  1326.260398   1996.744381   426.555636   95.557355  \n",
       "KO      166.305292   446.873559    635.394875   128.049528   33.336403  \n",
       "XOM     172.588380   482.903300    681.101667    23.814958   50.911529  \n",
       "NEE     406.106852  1085.378171   1614.537776   375.349396   70.968311  \n",
       "GOOGL   886.152143  2046.840322   3181.448008   763.253579  173.222610  \n",
       "MSFT   2046.840322  5209.439395   7696.553231  1826.710659  366.866789  \n",
       "TSLA   3181.448008  7696.553231  13063.675581  2765.128479  591.496656  \n",
       "NKE     763.253579  1826.710659   2765.128479   811.989691  145.773168  \n",
       "BAC     173.222610   366.866789    591.496656   145.773168   44.257108  "
      ]
     },
     "execution_count": 7,
     "metadata": {},
     "output_type": "execute_result"
    }
   ],
   "source": [
    "## 공분산행렬\n",
    "cov_matrix = ticker_15.cov()\n",
    "cov_matrix"
   ]
  },
  {
   "cell_type": "code",
   "execution_count": 8,
   "metadata": {},
   "outputs": [],
   "source": [
    "# 가중치 제약\n",
    "n_assets = cov_matrix.shape[0]\n",
    "min_weight = (1/2) * (1/n_assets)\n",
    "max_weight = 2 * (1/n_assets)"
   ]
  },
  {
   "cell_type": "code",
   "execution_count": 10,
   "metadata": {},
   "outputs": [],
   "source": [
    "# 15 종목에 대해 opt\n",
    "import numpy as np\n",
    "from scipy.optimize import minimize\n",
    "\n",
    "# 목적함수\n",
    "def portfolio_variance(weights, cov_matrix):\n",
    "    return np.dot(weights.T, np.dot(cov_matrix, weights))\n",
    "\n",
    "# 상관관계 축소를 위한 λ 값 설정 (예시로 0.75를 사용)\n",
    "lambda_shrinkage = 0.75\n",
    "\n",
    "# 대칭 행렬로 조정\n",
    "cov_matrix_np = cov_matrix.to_numpy()\n",
    "cov_matrix_symmetric = (cov_matrix_np + cov_matrix_np.T) / 2\n",
    "\n",
    "# 상관관계 행렬 조정\n",
    "corr_matrix = ticker_15.corr()  # 상관관계 행렬 계산\n",
    "identity_matrix = np.eye(corr_matrix.shape[0])\n",
    "adjusted_corr_matrix = (1 - lambda_shrinkage) * corr_matrix + lambda_shrinkage * identity_matrix\n",
    "\n",
    "# 각 자산의 변동성 계산\n",
    "volatilities = np.sqrt(np.diag(cov_matrix_symmetric))\n",
    "\n",
    "# 분산-공분산 행렬 재계산\n",
    "cov_matrix_psd = np.outer(volatilities, volatilities) * adjusted_corr_matrix\n",
    "\n",
    "# 제약조건\n",
    "constraints = ({'type': 'eq', 'fun': lambda x: np.sum(x) - 1})\n",
    "bounds = [(min_weight, max_weight) for _ in range(n_assets)]\n",
    "\n",
    "# 초기 추정치\n",
    "initial_guess = [1/n_assets] * n_assets\n",
    "\n",
    "# 최적화\n",
    "result = minimize(portfolio_variance, initial_guess, args=(cov_matrix_psd,), method='SLSQP', bounds=bounds, constraints=constraints)\n",
    "\n",
    "# 종목수 컬럼\n",
    "ticker_symbols = cov_matrix.columns\n",
    "\n",
    "# 최적 가중치\n",
    "optimal_weights = result.x\n",
    "optimal_weight_dict_15 = {ticker: weight for ticker, weight in zip(ticker_symbols, optimal_weights)}"
   ]
  },
  {
   "cell_type": "code",
   "execution_count": 11,
   "metadata": {},
   "outputs": [
    {
     "data": {
      "text/plain": [
       "{'AAPL': 0.03333333333333333,\n",
       " 'AMZN': 0.03333333333333333,\n",
       " 'NVDA': 0.033333333731323904,\n",
       " 'JPM': 0.03333333333333333,\n",
       " 'PG': 0.03333333333333333,\n",
       " 'PFE': 0.13333333333333333,\n",
       " 'JNJ': 0.03333333333333333,\n",
       " 'KO': 0.13333333333333333,\n",
       " 'XOM': 0.13333333333333333,\n",
       " 'NEE': 0.13333333333333333,\n",
       " 'GOOGL': 0.03333333333333333,\n",
       " 'MSFT': 0.03333333364474891,\n",
       " 'TSLA': 0.03333333412625422,\n",
       " 'NKE': 0.03333333333333333,\n",
       " 'BAC': 0.13333333333333333}"
      ]
     },
     "execution_count": 11,
     "metadata": {},
     "output_type": "execute_result"
    }
   ],
   "source": [
    "optimal_weight_dict_15"
   ]
  },
  {
   "cell_type": "code",
   "execution_count": 12,
   "metadata": {},
   "outputs": [],
   "source": [
    "# 딕셔너리를 데이터 프레임으로 변환\n",
    "ticker_15_optimal_weights = pd.DataFrame(list(optimal_weight_dict_15.items()), columns=['Ticker', 'Weight'])\n",
    "ticker_15_optimal_weights.to_csv('./ticker_15_EPO_optimal_weights.csv', index=False)"
   ]
  },
  {
   "cell_type": "code",
   "execution_count": 13,
   "metadata": {},
   "outputs": [
    {
     "data": {
      "text/html": [
       "<div>\n",
       "<style scoped>\n",
       "    .dataframe tbody tr th:only-of-type {\n",
       "        vertical-align: middle;\n",
       "    }\n",
       "\n",
       "    .dataframe tbody tr th {\n",
       "        vertical-align: top;\n",
       "    }\n",
       "\n",
       "    .dataframe thead th {\n",
       "        text-align: right;\n",
       "    }\n",
       "</style>\n",
       "<table border=\"1\" class=\"dataframe\">\n",
       "  <thead>\n",
       "    <tr style=\"text-align: right;\">\n",
       "      <th></th>\n",
       "      <th>Ticker</th>\n",
       "      <th>Weight</th>\n",
       "    </tr>\n",
       "  </thead>\n",
       "  <tbody>\n",
       "    <tr>\n",
       "      <th>0</th>\n",
       "      <td>AAPL</td>\n",
       "      <td>0.033333</td>\n",
       "    </tr>\n",
       "    <tr>\n",
       "      <th>1</th>\n",
       "      <td>AMZN</td>\n",
       "      <td>0.033333</td>\n",
       "    </tr>\n",
       "    <tr>\n",
       "      <th>2</th>\n",
       "      <td>NVDA</td>\n",
       "      <td>0.033333</td>\n",
       "    </tr>\n",
       "    <tr>\n",
       "      <th>3</th>\n",
       "      <td>JPM</td>\n",
       "      <td>0.033333</td>\n",
       "    </tr>\n",
       "    <tr>\n",
       "      <th>4</th>\n",
       "      <td>PG</td>\n",
       "      <td>0.033333</td>\n",
       "    </tr>\n",
       "    <tr>\n",
       "      <th>5</th>\n",
       "      <td>PFE</td>\n",
       "      <td>0.133333</td>\n",
       "    </tr>\n",
       "    <tr>\n",
       "      <th>6</th>\n",
       "      <td>JNJ</td>\n",
       "      <td>0.033333</td>\n",
       "    </tr>\n",
       "    <tr>\n",
       "      <th>7</th>\n",
       "      <td>KO</td>\n",
       "      <td>0.133333</td>\n",
       "    </tr>\n",
       "    <tr>\n",
       "      <th>8</th>\n",
       "      <td>XOM</td>\n",
       "      <td>0.133333</td>\n",
       "    </tr>\n",
       "    <tr>\n",
       "      <th>9</th>\n",
       "      <td>NEE</td>\n",
       "      <td>0.133333</td>\n",
       "    </tr>\n",
       "    <tr>\n",
       "      <th>10</th>\n",
       "      <td>GOOGL</td>\n",
       "      <td>0.033333</td>\n",
       "    </tr>\n",
       "    <tr>\n",
       "      <th>11</th>\n",
       "      <td>MSFT</td>\n",
       "      <td>0.033333</td>\n",
       "    </tr>\n",
       "    <tr>\n",
       "      <th>12</th>\n",
       "      <td>TSLA</td>\n",
       "      <td>0.033333</td>\n",
       "    </tr>\n",
       "    <tr>\n",
       "      <th>13</th>\n",
       "      <td>NKE</td>\n",
       "      <td>0.033333</td>\n",
       "    </tr>\n",
       "    <tr>\n",
       "      <th>14</th>\n",
       "      <td>BAC</td>\n",
       "      <td>0.133333</td>\n",
       "    </tr>\n",
       "  </tbody>\n",
       "</table>\n",
       "</div>"
      ],
      "text/plain": [
       "   Ticker    Weight\n",
       "0    AAPL  0.033333\n",
       "1    AMZN  0.033333\n",
       "2    NVDA  0.033333\n",
       "3     JPM  0.033333\n",
       "4      PG  0.033333\n",
       "5     PFE  0.133333\n",
       "6     JNJ  0.033333\n",
       "7      KO  0.133333\n",
       "8     XOM  0.133333\n",
       "9     NEE  0.133333\n",
       "10  GOOGL  0.033333\n",
       "11   MSFT  0.033333\n",
       "12   TSLA  0.033333\n",
       "13    NKE  0.033333\n",
       "14    BAC  0.133333"
      ]
     },
     "execution_count": 13,
     "metadata": {},
     "output_type": "execute_result"
    }
   ],
   "source": [
    "ticker_15_optimal_weights"
   ]
  }
 ],
 "metadata": {
  "kernelspec": {
   "display_name": "base",
   "language": "python",
   "name": "python3"
  },
  "language_info": {
   "codemirror_mode": {
    "name": "ipython",
    "version": 3
   },
   "file_extension": ".py",
   "mimetype": "text/x-python",
   "name": "python",
   "nbconvert_exporter": "python",
   "pygments_lexer": "ipython3",
   "version": "3.11.5"
  }
 },
 "nbformat": 4,
 "nbformat_minor": 2
}
