{
 "cells": [
  {
   "cell_type": "markdown",
   "id": "44f12efa-3bdd-458f-90f6-ae159a96500f",
   "metadata": {},
   "source": [
    "# **Optimization**"
   ]
  },
  {
   "cell_type": "code",
   "execution_count": 30,
   "id": "47d30a3c-0d16-4857-8454-982234346454",
   "metadata": {},
   "outputs": [],
   "source": [
    "import numpy as np\n",
    "import cvxpy as cp\n",
    "import cplex\n",
    "from tqdm import tqdm\n",
    "\n",
    "from pypfopt.efficient_frontier import EfficientFrontier\n",
    "from pypfopt import risk_models\n",
    "from pypfopt import expected_returns\n",
    "\n",
    "import matplotlib.pyplot as plt\n",
    "import pandas as pd\n",
    "import pandas_datareader.data as pdr\n",
    "import yfinance as yf\n",
    "\n",
    "from dateutil.relativedelta import relativedelta\n",
    "from datetime import datetime"
   ]
  },
  {
   "cell_type": "code",
   "execution_count": 31,
   "id": "dfb642ef-b857-4a51-8724-1ca57f7f1f9a",
   "metadata": {},
   "outputs": [],
   "source": [
    "market_data = pd.read_csv('./new_market.csv')"
   ]
  },
  {
   "cell_type": "code",
   "execution_count": 32,
   "id": "f9232008-96ce-4ebf-b23c-7ae8a1620d03",
   "metadata": {},
   "outputs": [],
   "source": [
    "stocks_15 = {\n",
    "    \"AAPL\": 0.084, \"AMZN\": 0.074, \"NVDA\": 0.064, \"JPM\": 0.054, \"PG\": 0.054,\n",
    "    \"PFE\": 0.064, \"JNJ\": 0.064, \"KO\": 0.054, \"XOM\": 0.064, \"NEE\": 0.074,\n",
    "    \"GOOGL\": 0.084, \"MSFT\": 0.084, \"TSLA\": 0.074, \"NKE\": 0.054, \"BAC\": 0.054\n",
    "}\n",
    "\n",
    "stocks_30 = {\n",
    "    \"MSFT\": 0.067, \"AMZN\": 0.067, \"NVDA\": 0.067, \"AAPL\": 0.067, \"GOOGL\": 0.067,\n",
    "    \"ADBE\": 0.067, \"JNJ\": 0.05, \"PFE\": 0.05, \"MRK\": 0.05, \"ABT\": 0.05, \n",
    "    \"PG\": 0.05, \"KO\": 0.05, \"JPM\": 0.05, \"GS\": 0.05, \"CAT\": 0.025, \n",
    "    \"CVX\": 0.025, \"XOM\": 0.025, \"BA\": 0.025, \"TSLA\": 0.025, \"NEE\": 0.025, \n",
    "    \"NKE\": 0.005, \"VZ\": 0.005, \"CRM\": 0.005, \"UNH\": 0.005, \"WMT\": 0.005, \n",
    "    \"QCOM\": 0.005, \"BAC\": 0.005, \"V\": 0.005, \"MCD\": 0.005, \"INTC\": 0.005\n",
    "}\n",
    "\n",
    "stocks_45 = {\n",
    "    \"AAPL\": 0.05, \"GOOGL\": 0.04, \"MSFT\": 0.04, \"NVDA\": 0.03, \"AMD\": 0.03, \n",
    "    \"ORCL\": 0.02, \"CRM\": 0.02, \"INTC\": 0.01, \"CSCO\": 0.01, \"JPM\": 0.04, \n",
    "    \"GS\": 0.03, \"BAC\": 0.03, \"MS\": 0.02, \"AXP\": 0.02, \"C\": 0.01,\n",
    "    \"JNJ\": 0.03, \"UNH\": 0.03, \"PFE\": 0.02, \"ABBV\": 0.02, \"TSLA\": 0.02, \n",
    "    \"AMGN\": 0.02, \"GILD\": 0.01, \"PG\": 0.03, \"KO\": 0.03, \"NKE\": 0.02, \n",
    "    \"PEP\": 0.02, \"COST\": 0.02, \"WMT\": 0.02, \"TGT\": 0.01, \"XOM\": 0.025, \n",
    "    \"CVX\": 0.025, \"NEE\": 0.02, \"DUK\": 0.01, \"SO\": 0.01, \"SLB\": 0.01,\n",
    "    \"MMM\": 0.02, \"CAT\": 0.02, \"HON\": 0.02, \"GE\": 0.02, \"ADP\": 0.02,\n",
    "    \"AMZN\": 0.02, \"META\": 0.02, \"HD\": 0.02, \"VZ\": 0.01, \"MRK\": 0.01\n",
    "}"
   ]
  },
  {
   "cell_type": "code",
   "execution_count": 33,
   "id": "06d6ea5b-4304-4241-9177-a79cedf22590",
   "metadata": {},
   "outputs": [],
   "source": [
    "def make_dict(dict):\n",
    "    dic = {}\n",
    "    \n",
    "    for column in dict.keys():\n",
    "        dic[column] = 1/len(dict.keys())\n",
    "\n",
    "    return dic\n",
    "    \n",
    "gpt15_same = make_dict(stocks_15)\n",
    "gpt30_same = make_dict(stocks_30)\n",
    "gpt45_same = make_dict(stocks_45)"
   ]
  },
  {
   "cell_type": "code",
   "execution_count": 34,
   "id": "c4f5fe06-368a-4166-9954-09395ef0416f",
   "metadata": {},
   "outputs": [],
   "source": [
    "market_data['pricingDate'] = pd.to_datetime(market_data['pricingDate'])\n",
    "market_data.set_index('pricingDate', inplace = True)"
   ]
  },
  {
   "cell_type": "code",
   "execution_count": 35,
   "id": "5f5d542f-4d7e-42b3-bc5f-b0b939d1a359",
   "metadata": {},
   "outputs": [],
   "source": [
    "# yfinance에서 데이터 가져오는 것 대신 S&P market 데이터에서 데이터 가져울 수 있게 함수 만듬\n",
    "# 원하는 티커(dict에서 가져와도됨), 날짜 넣으면 됨\n",
    "\n",
    "\n",
    "def download(dict, start_date, end_date):\n",
    "    data = pd.DataFrame()\n",
    "    a = pd.DataFrame()\n",
    "    tickers = list(dict.keys())\n",
    "\n",
    "    for ticker in tqdm(tickers):\n",
    "        a = market_data.loc[start_date:end_date, ticker]\n",
    "        data = pd.concat([data, a], axis=1)\n",
    "\n",
    "    return data"
   ]
  },
  {
   "cell_type": "markdown",
   "id": "73220327-0e91-4ce3-98ee-f1129af75569",
   "metadata": {},
   "source": [
    "## **GMV**"
   ]
  },
  {
   "cell_type": "code",
   "execution_count": 36,
   "id": "c42ec430-08a7-47f7-995f-01c09e0bbff4",
   "metadata": {},
   "outputs": [],
   "source": [
    "# GMV 함수\n",
    "\n",
    "def gmv(dict):\n",
    "\n",
    "    data = download(dict, \"2018-05-01\", \"2023-04-30\")\n",
    "    ret = data.pct_change().dropna()\n",
    "    \n",
    "    num_assets = data.shape[1] # 종목 개수가 나와야함\n",
    "    weights = cp.Variable((num_assets,1)) # 종목 개수랑 같아야함\n",
    "    cov_mat = np.cov(ret.values.T) # 개별 종목 별 기대수익률을 구해서 Covariance Matrix를 만듬\n",
    "\n",
    "    print(cov_mat)\n",
    "    \n",
    "    obj = cp.Minimize(cp.quad_form(weights, cov_mat)) # 목적식 설정\n",
    "    \n",
    "    min_weights = 0.5 * 1 / num_assets  # 각 자산별 최소 weight\n",
    "    max_weights = 2 * 1 / num_assets\n",
    "    \n",
    "    # weights >= 0 \n",
    "    const = [cp.sum(weights) == 1, \n",
    "             weights >= min_weights,\n",
    "             weights <= max_weights]\n",
    "    \n",
    "    problem = cp.Problem(obj, const) # 문제 정의\n",
    "    problem.solve(verbose=False, solver=cp.CPLEX) # 문제 풀기\n",
    "    \n",
    "    if problem.status == \"optimal\":\n",
    "        w_opt = np.array(weights.value).flatten()\n",
    "        print(\"Optimal\")\n",
    "        # print(gmv_weights.value[:5])\n",
    "        \n",
    "        # print(max(gmv_weights.value)) # 가장 큰 weight를 보고싶으면 이거 주석 해제\n",
    "    else:\n",
    "        print(\"It isn't optimal\")\n",
    "\n",
    "    return w_opt"
   ]
  },
  {
   "cell_type": "code",
   "execution_count": 37,
   "id": "45ff8944-ad61-4994-8f28-c1469b4dbeee",
   "metadata": {
    "scrolled": true
   },
   "outputs": [
    {
     "name": "stderr",
     "output_type": "stream",
     "text": [
      "100%|██████████████████████████████████████████████████████████████████████████████████| 15/15 [00:00<00:00, 284.32it/s]"
     ]
    },
    {
     "name": "stdout",
     "output_type": "stream",
     "text": [
      "[[4.41037202e-04 3.11416941e-04 4.56957152e-04 1.96735160e-04\n",
      "  1.22198665e-04 1.18605250e-04 1.10754118e-04 1.18747228e-04\n",
      "  1.52436256e-04 1.55920085e-04 2.92086610e-04 3.13770145e-04\n",
      "  4.14083528e-04 2.37882047e-04 2.18709955e-04]\n",
      " [3.11416941e-04 5.18839538e-04 4.76619129e-04 1.44018837e-04\n",
      "  8.38146215e-05 8.89556229e-05 7.64995103e-05 7.46461162e-05\n",
      "  1.02478738e-04 1.21561958e-04 3.13022091e-04 3.18477206e-04\n",
      "  4.06046654e-04 2.25399032e-04 1.70564136e-04]\n",
      " [4.56957152e-04 4.76619129e-04 1.08428481e-03 2.57219197e-04\n",
      "  1.30863412e-04 1.32862108e-04 1.09130963e-04 1.20427898e-04\n",
      "  1.96091129e-04 1.96161586e-04 4.27710755e-04 4.55466597e-04\n",
      "  6.67841385e-04 3.54548567e-04 2.93065594e-04]\n",
      " [1.96735160e-04 1.44018837e-04 2.57219197e-04 4.12936364e-04\n",
      "  1.07653580e-04 1.26055175e-04 1.08684208e-04 1.46753648e-04\n",
      "  2.60851413e-04 1.31052286e-04 1.87814243e-04 1.85443252e-04\n",
      "  2.31775817e-04 2.15066338e-04 4.19917148e-04]\n",
      " [1.22198665e-04 8.38146215e-05 1.30863412e-04 1.07653580e-04\n",
      "  1.87366829e-04 9.90531526e-05 1.05235836e-04 1.18753638e-04\n",
      "  7.12687634e-05 1.35030985e-04 1.02588899e-04 1.26016251e-04\n",
      "  7.70184040e-05 1.10798996e-04 1.17112439e-04]\n",
      " [1.18605250e-04 8.89556229e-05 1.32862108e-04 1.26055175e-04\n",
      "  9.90531526e-05 2.69745105e-04 1.16047472e-04 9.82524748e-05\n",
      "  1.03037936e-04 1.02964473e-04 1.06761481e-04 1.20695713e-04\n",
      "  6.70302891e-05 1.00397892e-04 1.31507504e-04]\n",
      " [1.10754118e-04 7.64995103e-05 1.09130963e-04 1.08684208e-04\n",
      "  1.05235836e-04 1.16047472e-04 1.66235991e-04 9.71491960e-05\n",
      "  8.95842566e-05 1.04402712e-04 9.54082819e-05 1.10613902e-04\n",
      "  6.53168757e-05 9.49828983e-05 1.16131041e-04]\n",
      " [1.18747228e-04 7.46461162e-05 1.20427898e-04 1.46753648e-04\n",
      "  1.18753638e-04 9.82524748e-05 9.71491960e-05 1.81994885e-04\n",
      "  1.24297206e-04 1.29611594e-04 1.07349064e-04 1.18318831e-04\n",
      "  1.03536871e-04 1.23613860e-04 1.53321644e-04]\n",
      " [1.52436256e-04 1.02478738e-04 1.96091129e-04 2.60851413e-04\n",
      "  7.12687634e-05 1.03037936e-04 8.95842566e-05 1.24297206e-04\n",
      "  4.60659289e-04 1.01924783e-04 1.50635871e-04 1.34610516e-04\n",
      "  1.69774780e-04 1.73010996e-04 2.97137030e-04]\n",
      " [1.55920085e-04 1.21561958e-04 1.96161586e-04 1.31052286e-04\n",
      "  1.35030985e-04 1.02964473e-04 1.04402712e-04 1.29611594e-04\n",
      "  1.01924783e-04 3.00007774e-04 1.39558592e-04 1.59690246e-04\n",
      "  1.71028699e-04 1.53284298e-04 1.31443297e-04]\n",
      " [2.92086610e-04 3.13022091e-04 4.27710755e-04 1.87814243e-04\n",
      "  1.02588899e-04 1.06761481e-04 9.54082819e-05 1.07349064e-04\n",
      "  1.50635871e-04 1.39558592e-04 4.01557685e-04 3.11268538e-04\n",
      "  3.38483274e-04 2.23642404e-04 2.11582236e-04]\n",
      " [3.13770145e-04 3.18477206e-04 4.55466597e-04 1.85443252e-04\n",
      "  1.26016251e-04 1.20695713e-04 1.10613902e-04 1.18318831e-04\n",
      "  1.34610516e-04 1.59690246e-04 3.11268538e-04 3.82966793e-04\n",
      "  3.69139789e-04 2.29236607e-04 2.07342216e-04]\n",
      " [4.14083528e-04 4.06046654e-04 6.67841385e-04 2.31775817e-04\n",
      "  7.70184040e-05 6.70302891e-05 6.53168757e-05 1.03536871e-04\n",
      "  1.69774780e-04 1.71028699e-04 3.38483274e-04 3.69139789e-04\n",
      "  1.76007316e-03 2.95016982e-04 2.63747972e-04]\n",
      " [2.37882047e-04 2.25399032e-04 3.54548567e-04 2.15066338e-04\n",
      "  1.10798996e-04 1.00397892e-04 9.49828983e-05 1.23613860e-04\n",
      "  1.73010996e-04 1.53284298e-04 2.23642404e-04 2.29236607e-04\n",
      "  2.95016982e-04 4.37920374e-04 2.33738200e-04]\n",
      " [2.18709955e-04 1.70564136e-04 2.93065594e-04 4.19917148e-04\n",
      "  1.17112439e-04 1.31507504e-04 1.16131041e-04 1.53321644e-04\n",
      "  2.97137030e-04 1.31443297e-04 2.11582236e-04 2.07342216e-04\n",
      "  2.63747972e-04 2.33738200e-04 5.04112436e-04]]\n"
     ]
    },
    {
     "name": "stderr",
     "output_type": "stream",
     "text": [
      "\n"
     ]
    },
    {
     "name": "stdout",
     "output_type": "stream",
     "text": [
      "Optimal\n"
     ]
    },
    {
     "name": "stderr",
     "output_type": "stream",
     "text": [
      "100%|██████████████████████████████████████████████████████████████████████████████████| 30/30 [00:00<00:00, 342.66it/s]"
     ]
    },
    {
     "name": "stdout",
     "output_type": "stream",
     "text": [
      "[[3.82966793e-04 3.18477206e-04 4.55466597e-04 3.13770145e-04\n",
      "  3.11268538e-04 3.68585768e-04 1.10613902e-04 1.20695713e-04\n",
      "  1.11200634e-04 2.01776048e-04 1.26016251e-04 1.18318831e-04\n",
      "  1.85443252e-04 2.12512527e-04 1.67009341e-04 1.71387992e-04\n",
      "  1.34610516e-04 2.59757553e-04 3.69139789e-04 1.59690246e-04\n",
      "  2.29236607e-04 7.63056240e-05 3.41106747e-04 1.88669476e-04\n",
      "  1.15848695e-04 3.10535632e-04 2.07342216e-04 2.42471212e-04\n",
      "  1.44805305e-04 2.91109100e-04]\n",
      " [3.18477206e-04 5.18839538e-04 4.76619129e-04 3.11416941e-04\n",
      "  3.13022091e-04 3.63007130e-04 7.64995103e-05 8.89556229e-05\n",
      "  6.73221784e-05 1.68803584e-04 8.38146215e-05 7.46461162e-05\n",
      "  1.44018837e-04 1.90112689e-04 1.46945638e-04 1.13621150e-04\n",
      "  1.02478738e-04 2.26576181e-04 4.06046654e-04 1.21561958e-04\n",
      "  2.25399032e-04 5.50775352e-05 3.52185410e-04 1.34911400e-04\n",
      "  1.04121817e-04 2.98802474e-04 1.70564136e-04 2.06111212e-04\n",
      "  9.78116463e-05 2.47418257e-04]\n",
      " [4.55466597e-04 4.76619129e-04 1.08428481e-03 4.56957152e-04\n",
      "  4.27710755e-04 5.26937640e-04 1.09130963e-04 1.32862108e-04\n",
      "  1.05459839e-04 2.67386712e-04 1.30863412e-04 1.20427898e-04\n",
      "  2.57219197e-04 3.16264879e-04 2.79050895e-04 2.41681709e-04\n",
      "  1.96091129e-04 4.12325215e-04 6.67841385e-04 1.96161586e-04\n",
      "  3.54548567e-04 6.71848347e-05 4.98656708e-04 2.34009421e-04\n",
      "  1.40816921e-04 5.52196844e-04 2.93065594e-04 3.38884582e-04\n",
      "  1.80801901e-04 4.68974816e-04]\n",
      " [3.13770145e-04 3.11416941e-04 4.56957152e-04 4.41037202e-04\n",
      "  2.92086610e-04 3.38191361e-04 1.10754118e-04 1.18605250e-04\n",
      "  1.04148079e-04 1.93597127e-04 1.22198665e-04 1.18747228e-04\n",
      "  1.96735160e-04 2.28590229e-04 1.81259041e-04 1.74512219e-04\n",
      "  1.52436256e-04 2.87627009e-04 4.14083528e-04 1.55920085e-04\n",
      "  2.37882047e-04 7.67909847e-05 3.08688412e-04 1.87106580e-04\n",
      "  1.14814659e-04 3.37504438e-04 2.18709955e-04 2.42457894e-04\n",
      "  1.44106387e-04 2.94818505e-04]\n",
      " [3.11268538e-04 3.13022091e-04 4.27710755e-04 2.92086610e-04\n",
      "  4.01557685e-04 3.35941640e-04 9.54082819e-05 1.06761481e-04\n",
      "  9.08074477e-05 1.75843165e-04 1.02588899e-04 1.07349064e-04\n",
      "  1.87814243e-04 2.15861172e-04 1.75782709e-04 1.75007272e-04\n",
      "  1.50635871e-04 2.72650027e-04 3.38483274e-04 1.39558592e-04\n",
      "  2.23642404e-04 7.22217682e-05 3.08699539e-04 1.69914858e-04\n",
      "  9.33120571e-05 3.04747490e-04 2.11582236e-04 2.28548117e-04\n",
      "  1.29677888e-04 2.72112060e-04]\n",
      " [3.68585768e-04 3.63007130e-04 5.26937640e-04 3.38191361e-04\n",
      "  3.35941640e-04 5.58959139e-04 9.93521445e-05 1.12509036e-04\n",
      "  1.04431760e-04 2.15962494e-04 1.16380169e-04 1.11254302e-04\n",
      "  1.75662362e-04 2.10653186e-04 1.62109668e-04 1.50205663e-04\n",
      "  1.20310753e-04 2.75318677e-04 4.42306464e-04 1.62735917e-04\n",
      "  2.49869086e-04 6.25571592e-05 4.39950855e-04 1.80836751e-04\n",
      "  1.16420619e-04 3.55965396e-04 1.93413291e-04 2.70629030e-04\n",
      "  1.34639620e-04 3.10896990e-04]\n",
      " [1.10613902e-04 7.64995103e-05 1.09130963e-04 1.10754118e-04\n",
      "  9.54082819e-05 9.93521445e-05 1.66235991e-04 1.16047472e-04\n",
      "  1.09022913e-04 1.24914107e-04 1.05235836e-04 9.71491960e-05\n",
      "  1.08684208e-04 1.04118030e-04 1.00491165e-04 1.09345738e-04\n",
      "  8.95842566e-05 1.18968079e-04 6.53168757e-05 1.04402712e-04\n",
      "  9.49828983e-05 7.63743881e-05 8.76110507e-05 1.27344546e-04\n",
      "  7.74645549e-05 9.69789861e-05 1.16131041e-04 1.07199816e-04\n",
      "  8.46826165e-05 1.11178672e-04]\n",
      " [1.20695713e-04 8.89556229e-05 1.32862108e-04 1.18605250e-04\n",
      "  1.06761481e-04 1.12509036e-04 1.16047472e-04 2.69745105e-04\n",
      "  1.20516199e-04 1.29545755e-04 9.90531526e-05 9.82524748e-05\n",
      "  1.26055175e-04 1.12305611e-04 1.17798573e-04 1.16170245e-04\n",
      "  1.03037936e-04 1.38527369e-04 6.70302891e-05 1.02964473e-04\n",
      "  1.00397892e-04 8.01580622e-05 9.81704134e-05 1.33765841e-04\n",
      "  7.11064158e-05 1.04227125e-04 1.31507504e-04 1.21363090e-04\n",
      "  7.61341700e-05 1.29334921e-04]\n",
      " [1.11200634e-04 6.73221784e-05 1.05459839e-04 1.04148079e-04\n",
      "  9.08074477e-05 1.04431760e-04 1.09022913e-04 1.20516199e-04\n",
      "  2.12081322e-04 1.21867652e-04 9.14302303e-05 9.24955386e-05\n",
      "  1.14163514e-04 1.04826533e-04 1.03935285e-04 1.25373185e-04\n",
      "  1.01933971e-04 1.13205186e-04 7.86966295e-05 9.24030950e-05\n",
      "  9.39296413e-05 7.83539393e-05 1.02567429e-04 1.33680141e-04\n",
      "  6.51899798e-05 8.64340667e-05 1.19458541e-04 1.13166710e-04\n",
      "  9.59100594e-05 1.01620696e-04]\n",
      " [2.01776048e-04 1.68803584e-04 2.67386712e-04 1.93597127e-04\n",
      "  1.75843165e-04 2.15962494e-04 1.24914107e-04 1.29545755e-04\n",
      "  1.21867652e-04 2.84747342e-04 1.21048259e-04 1.10290753e-04\n",
      "  1.47495726e-04 1.52342417e-04 1.42460923e-04 1.26059816e-04\n",
      "  9.67180563e-05 1.78547804e-04 1.93634627e-04 1.46627465e-04\n",
      "  1.67413960e-04 8.42064033e-05 2.02819159e-04 1.72717298e-04\n",
      "  9.02387286e-05 1.84813951e-04 1.64295774e-04 1.73421633e-04\n",
      "  1.15668786e-04 1.95089342e-04]\n",
      " [1.26016251e-04 8.38146215e-05 1.30863412e-04 1.22198665e-04\n",
      "  1.02588899e-04 1.16380169e-04 1.05235836e-04 9.90531526e-05\n",
      "  9.14302303e-05 1.21048259e-04 1.87366829e-04 1.18753638e-04\n",
      "  1.07653580e-04 1.05180331e-04 8.60937671e-05 7.96259974e-05\n",
      "  7.12687634e-05 1.13989626e-04 7.70184040e-05 1.35030985e-04\n",
      "  1.10798996e-04 9.00945804e-05 9.97725196e-05 1.19290714e-04\n",
      "  1.01989323e-04 1.16817477e-04 1.17112439e-04 1.12383777e-04\n",
      "  9.58633706e-05 1.25417891e-04]\n",
      " [1.18318831e-04 7.46461162e-05 1.20427898e-04 1.18747228e-04\n",
      "  1.07349064e-04 1.11254302e-04 9.71491960e-05 9.82524748e-05\n",
      "  9.24955386e-05 1.10290753e-04 1.18753638e-04 1.81994885e-04\n",
      "  1.46753648e-04 1.32470782e-04 1.23870399e-04 1.36153916e-04\n",
      "  1.24297206e-04 1.93935906e-04 1.03536871e-04 1.29611594e-04\n",
      "  1.23613860e-04 8.59528805e-05 1.04985628e-04 1.22216681e-04\n",
      "  7.56066591e-05 1.12591593e-04 1.53321644e-04 1.34478576e-04\n",
      "  1.12014535e-04 1.25354096e-04]\n",
      " [1.85443252e-04 1.44018837e-04 2.57219197e-04 1.96735160e-04\n",
      "  1.87814243e-04 1.75662362e-04 1.08684208e-04 1.26055175e-04\n",
      "  1.14163514e-04 1.47495726e-04 1.07653580e-04 1.46753648e-04\n",
      "  4.12936364e-04 3.53185919e-04 2.74642932e-04 2.91839581e-04\n",
      "  2.60851413e-04 3.89901014e-04 2.31775817e-04 1.31052286e-04\n",
      "  2.15066338e-04 1.02099412e-04 1.88002894e-04 1.85708789e-04\n",
      "  8.07271667e-05 2.23254009e-04 4.19917148e-04 2.29456678e-04\n",
      "  1.62037882e-04 2.32305940e-04]\n",
      " [2.12512527e-04 1.90112689e-04 3.16264879e-04 2.28590229e-04\n",
      "  2.15861172e-04 2.10653186e-04 1.04118030e-04 1.12305611e-04\n",
      "  1.04826533e-04 1.52342417e-04 1.05180331e-04 1.32470782e-04\n",
      "  3.53185919e-04 4.32361092e-04 2.78351611e-04 2.84225898e-04\n",
      "  2.55483248e-04 3.89630464e-04 2.82235457e-04 1.28395585e-04\n",
      "  2.27629022e-04 9.14056204e-05 2.22377414e-04 1.94252834e-04\n",
      "  8.73473258e-05 2.59957734e-04 3.92277013e-04 2.31991317e-04\n",
      "  1.59991947e-04 2.47654635e-04]\n",
      " [1.67009341e-04 1.46945638e-04 2.79050895e-04 1.81259041e-04\n",
      "  1.75782709e-04 1.62109668e-04 1.00491165e-04 1.17798573e-04\n",
      "  1.03935285e-04 1.42460923e-04 8.60937671e-05 1.23870399e-04\n",
      "  2.74642932e-04 2.78351611e-04 4.35634401e-04 2.82250521e-04\n",
      "  2.76162950e-04 3.48904055e-04 1.94013460e-04 1.05062409e-04\n",
      "  2.07999774e-04 8.60889028e-05 1.78333268e-04 1.59601187e-04\n",
      "  7.97986560e-05 2.23308813e-04 3.09662957e-04 2.00721692e-04\n",
      "  1.21778596e-04 2.21446143e-04]\n",
      " [1.71387992e-04 1.13621150e-04 2.41681709e-04 1.74512219e-04\n",
      "  1.75007272e-04 1.50205663e-04 1.09345738e-04 1.16170245e-04\n",
      "  1.25373185e-04 1.26059816e-04 7.96259974e-05 1.36153916e-04\n",
      "  2.91839581e-04 2.84225898e-04 2.82250521e-04 5.02490798e-04\n",
      "  4.11392827e-04 3.91441070e-04 2.21660856e-04 1.29808798e-04\n",
      "  1.89093046e-04 9.11433018e-05 1.70462173e-04 2.03081256e-04\n",
      "  6.97549961e-05 2.09632400e-04 3.20676255e-04 2.16272189e-04\n",
      "  1.63861221e-04 2.15955528e-04]\n",
      " [1.34610516e-04 1.02478738e-04 1.96091129e-04 1.52436256e-04\n",
      "  1.50635871e-04 1.20310753e-04 8.95842566e-05 1.03037936e-04\n",
      "  1.01933971e-04 9.67180563e-05 7.12687634e-05 1.24297206e-04\n",
      "  2.60851413e-04 2.55483248e-04 2.76162950e-04 4.11392827e-04\n",
      "  4.60659289e-04 3.54581506e-04 1.69774780e-04 1.01924783e-04\n",
      "  1.73010996e-04 9.02291057e-05 1.39223548e-04 1.62937144e-04\n",
      "  6.58044213e-05 1.84030697e-04 2.97137030e-04 1.87584743e-04\n",
      "  1.24016124e-04 1.94675670e-04]\n",
      " [2.59757553e-04 2.26576181e-04 4.12325215e-04 2.87627009e-04\n",
      "  2.72650027e-04 2.75318677e-04 1.18968079e-04 1.38527369e-04\n",
      "  1.13205186e-04 1.78547804e-04 1.13989626e-04 1.93935906e-04\n",
      "  3.89901014e-04 3.89630464e-04 3.48904055e-04 3.91441070e-04\n",
      "  3.54581506e-04 1.01850511e-03 4.23729213e-04 1.95360457e-04\n",
      "  3.13581960e-04 1.03560051e-04 2.92736185e-04 2.28736793e-04\n",
      "  8.15915353e-05 3.22242477e-04 4.16219329e-04 3.05821209e-04\n",
      "  2.25328597e-04 3.28442095e-04]\n",
      " [3.69139789e-04 4.06046654e-04 6.67841385e-04 4.14083528e-04\n",
      "  3.38483274e-04 4.42306464e-04 6.53168757e-05 6.70302891e-05\n",
      "  7.86966295e-05 1.93634627e-04 7.70184040e-05 1.03536871e-04\n",
      "  2.31775817e-04 2.82235457e-04 1.94013460e-04 2.21660856e-04\n",
      "  1.69774780e-04 4.23729213e-04 1.76007316e-03 1.71028699e-04\n",
      "  2.95016982e-04 3.43217509e-05 4.50453279e-04 1.74273866e-04\n",
      "  9.01416390e-05 4.30258308e-04 2.63747972e-04 2.84500147e-04\n",
      "  1.82555293e-04 3.52756675e-04]\n",
      " [1.59690246e-04 1.21561958e-04 1.96161586e-04 1.55920085e-04\n",
      "  1.39558592e-04 1.62735917e-04 1.04402712e-04 1.02964473e-04\n",
      "  9.24030950e-05 1.46627465e-04 1.35030985e-04 1.29611594e-04\n",
      "  1.31052286e-04 1.28395585e-04 1.05062409e-04 1.29808798e-04\n",
      "  1.01924783e-04 1.95360457e-04 1.71028699e-04 3.00007774e-04\n",
      "  1.53284298e-04 9.88829697e-05 1.50197502e-04 1.41816476e-04\n",
      "  9.66264599e-05 1.40336834e-04 1.31443297e-04 1.35097889e-04\n",
      "  1.26907316e-04 1.52782790e-04]\n",
      " [2.29236607e-04 2.25399032e-04 3.54548567e-04 2.37882047e-04\n",
      "  2.23642404e-04 2.49869086e-04 9.49828983e-05 1.00397892e-04\n",
      "  9.39296413e-05 1.67413960e-04 1.10798996e-04 1.23613860e-04\n",
      "  2.15066338e-04 2.27629022e-04 2.07999774e-04 1.89093046e-04\n",
      "  1.73010996e-04 3.13581960e-04 2.95016982e-04 1.53284298e-04\n",
      "  4.37920374e-04 7.85205439e-05 2.49054542e-04 1.62648864e-04\n",
      "  9.14342491e-05 2.58960378e-04 2.33738200e-04 2.22808754e-04\n",
      "  1.54165426e-04 2.25608322e-04]\n",
      " [7.63056240e-05 5.50775352e-05 6.71848347e-05 7.67909847e-05\n",
      "  7.22217682e-05 6.25571592e-05 7.63743881e-05 8.01580622e-05\n",
      "  7.83539393e-05 8.42064033e-05 9.00945804e-05 8.59528805e-05\n",
      "  1.02099412e-04 9.14056204e-05 8.60889028e-05 9.11433018e-05\n",
      "  9.02291057e-05 1.03560051e-04 3.43217509e-05 9.88829697e-05\n",
      "  7.85205439e-05 1.54810218e-04 6.91144066e-05 9.62993368e-05\n",
      "  6.84092703e-05 7.01620552e-05 1.11555571e-04 8.21664426e-05\n",
      "  7.29782181e-05 9.38841252e-05]\n",
      " [3.41106747e-04 3.52185410e-04 4.98656708e-04 3.08688412e-04\n",
      "  3.08699539e-04 4.39950855e-04 8.76110507e-05 9.81704134e-05\n",
      "  1.02567429e-04 2.02819159e-04 9.97725196e-05 1.04985628e-04\n",
      "  1.88002894e-04 2.22377414e-04 1.78333268e-04 1.70462173e-04\n",
      "  1.39223548e-04 2.92736185e-04 4.50453279e-04 1.50197502e-04\n",
      "  2.49054542e-04 6.91144066e-05 6.20052653e-04 1.68030975e-04\n",
      "  1.01164721e-04 3.11842569e-04 2.14231741e-04 2.67099287e-04\n",
      "  1.45182850e-04 2.75896665e-04]\n",
      " [1.88669476e-04 1.34911400e-04 2.34009421e-04 1.87106580e-04\n",
      "  1.69914858e-04 1.80836751e-04 1.27344546e-04 1.33765841e-04\n",
      "  1.33680141e-04 1.72717298e-04 1.19290714e-04 1.22216681e-04\n",
      "  1.85708789e-04 1.94252834e-04 1.59601187e-04 2.03081256e-04\n",
      "  1.62937144e-04 2.28736793e-04 1.74273866e-04 1.41816476e-04\n",
      "  1.62648864e-04 9.62993368e-05 1.68030975e-04 3.48757057e-04\n",
      "  9.34499824e-05 1.74274149e-04 2.02936944e-04 1.82791758e-04\n",
      "  1.36181869e-04 1.81996371e-04]\n",
      " [1.15848695e-04 1.04121817e-04 1.40816921e-04 1.14814659e-04\n",
      "  9.33120571e-05 1.16420619e-04 7.74645549e-05 7.11064158e-05\n",
      "  6.51899798e-05 9.02387286e-05 1.01989323e-04 7.56066591e-05\n",
      "  8.07271667e-05 8.73473258e-05 7.97986560e-05 6.97549961e-05\n",
      "  6.58044213e-05 8.15915353e-05 9.01416390e-05 9.66264599e-05\n",
      "  9.14342491e-05 6.84092703e-05 1.01164721e-04 9.34499824e-05\n",
      "  2.05505077e-04 9.99789230e-05 9.23630654e-05 8.13000507e-05\n",
      "  7.14903265e-05 1.16442840e-04]\n",
      " [3.10535632e-04 2.98802474e-04 5.52196844e-04 3.37504438e-04\n",
      "  3.04747490e-04 3.55965396e-04 9.69789861e-05 1.04227125e-04\n",
      "  8.64340667e-05 1.84813951e-04 1.16817477e-04 1.12591593e-04\n",
      "  2.23254009e-04 2.59957734e-04 2.23308813e-04 2.09632400e-04\n",
      "  1.84030697e-04 3.22242477e-04 4.30258308e-04 1.40336834e-04\n",
      "  2.58960378e-04 7.01620552e-05 3.11842569e-04 1.74274149e-04\n",
      "  9.99789230e-05 6.82831590e-04 2.44141480e-04 2.42306194e-04\n",
      "  1.48505973e-04 3.67882196e-04]\n",
      " [2.07342216e-04 1.70564136e-04 2.93065594e-04 2.18709955e-04\n",
      "  2.11582236e-04 1.93413291e-04 1.16131041e-04 1.31507504e-04\n",
      "  1.19458541e-04 1.64295774e-04 1.17112439e-04 1.53321644e-04\n",
      "  4.19917148e-04 3.92277013e-04 3.09662957e-04 3.20676255e-04\n",
      "  2.97137030e-04 4.16219329e-04 2.63747972e-04 1.31443297e-04\n",
      "  2.33738200e-04 1.11555571e-04 2.14231741e-04 2.02936944e-04\n",
      "  9.23630654e-05 2.44141480e-04 5.04112436e-04 2.52217783e-04\n",
      "  1.69722694e-04 2.52625459e-04]\n",
      " [2.42471212e-04 2.06111212e-04 3.38884582e-04 2.42457894e-04\n",
      "  2.28548117e-04 2.70629030e-04 1.07199816e-04 1.21363090e-04\n",
      "  1.13166710e-04 1.73421633e-04 1.12383777e-04 1.34478576e-04\n",
      "  2.29456678e-04 2.31991317e-04 2.00721692e-04 2.16272189e-04\n",
      "  1.87584743e-04 3.05821209e-04 2.84500147e-04 1.35097889e-04\n",
      "  2.22808754e-04 8.21664426e-05 2.67099287e-04 1.82791758e-04\n",
      "  8.13000507e-05 2.42306194e-04 2.52217783e-04 3.34141712e-04\n",
      "  1.61112982e-04 2.26843464e-04]\n",
      " [1.44805305e-04 9.78116463e-05 1.80801901e-04 1.44106387e-04\n",
      "  1.29677888e-04 1.34639620e-04 8.46826165e-05 7.61341700e-05\n",
      "  9.59100594e-05 1.15668786e-04 9.58633706e-05 1.12014535e-04\n",
      "  1.62037882e-04 1.59991947e-04 1.21778596e-04 1.63861221e-04\n",
      "  1.24016124e-04 2.25328597e-04 1.82555293e-04 1.26907316e-04\n",
      "  1.54165426e-04 7.29782181e-05 1.45182850e-04 1.36181869e-04\n",
      "  7.14903265e-05 1.48505973e-04 1.69722694e-04 1.61112982e-04\n",
      "  2.20882458e-04 1.38332058e-04]\n",
      " [2.91109100e-04 2.47418257e-04 4.68974816e-04 2.94818505e-04\n",
      "  2.72112060e-04 3.10896990e-04 1.11178672e-04 1.29334921e-04\n",
      "  1.01620696e-04 1.95089342e-04 1.25417891e-04 1.25354096e-04\n",
      "  2.32305940e-04 2.47654635e-04 2.21446143e-04 2.15955528e-04\n",
      "  1.94675670e-04 3.28442095e-04 3.52756675e-04 1.52782790e-04\n",
      "  2.25608322e-04 9.38841252e-05 2.75896665e-04 1.81996371e-04\n",
      "  1.16442840e-04 3.67882196e-04 2.52625459e-04 2.26843464e-04\n",
      "  1.38332058e-04 5.66660435e-04]]\n"
     ]
    },
    {
     "name": "stderr",
     "output_type": "stream",
     "text": [
      "\n"
     ]
    },
    {
     "name": "stdout",
     "output_type": "stream",
     "text": [
      "Optimal\n"
     ]
    },
    {
     "name": "stderr",
     "output_type": "stream",
     "text": [
      "100%|██████████████████████████████████████████████████████████████████████████████████| 45/45 [00:00<00:00, 346.61it/s]"
     ]
    },
    {
     "name": "stdout",
     "output_type": "stream",
     "text": [
      "[[4.41037202e-04 2.92086610e-04 3.13770145e-04 ... 2.20671774e-04\n",
      "  7.67909847e-05 1.04148079e-04]\n",
      " [2.92086610e-04 4.01557685e-04 3.11268538e-04 ... 1.99290126e-04\n",
      "  7.22217682e-05 9.08074477e-05]\n",
      " [3.13770145e-04 3.11268538e-04 3.82966793e-04 ... 2.20977700e-04\n",
      "  7.63056240e-05 1.11200634e-04]\n",
      " ...\n",
      " [2.20671774e-04 1.99290126e-04 2.20977700e-04 ... 3.26766395e-04\n",
      "  8.51788984e-05 9.67839738e-05]\n",
      " [7.67909847e-05 7.22217682e-05 7.63056240e-05 ... 8.51788984e-05\n",
      "  1.54810218e-04 7.83539393e-05]\n",
      " [1.04148079e-04 9.08074477e-05 1.11200634e-04 ... 9.67839738e-05\n",
      "  7.83539393e-05 2.12081322e-04]]\n"
     ]
    },
    {
     "name": "stderr",
     "output_type": "stream",
     "text": [
      "\n"
     ]
    },
    {
     "name": "stdout",
     "output_type": "stream",
     "text": [
      "Optimal\n"
     ]
    }
   ],
   "source": [
    "gmv_15 = gmv(stocks_15)\n",
    "gmv_30 = gmv(stocks_30)\n",
    "gmv_45 = gmv(stocks_45)"
   ]
  },
  {
   "cell_type": "code",
   "execution_count": 38,
   "id": "f6ebba9c-ef78-4559-9a22-a2f920e4dd09",
   "metadata": {
    "scrolled": true
   },
   "outputs": [],
   "source": [
    "# 누적 수익률 함수\n",
    "# bool에 True를 넣으면 gpt gmv opt 데이터로 실행, False이면 GPT로 이미 가져와있는거 실행\n",
    "def MDD(cumulative_returns):\n",
    "    peak = cumulative_returns.iloc[0]\n",
    "    drawdown = np.zeros(len(cumulative_returns))\n",
    "    for i in range(1, len(cumulative_returns)):\n",
    "        if cumulative_returns.iloc[i] > peak:\n",
    "            peak = cumulative_returns.iloc[i]\n",
    "        drawdown[i] = (peak - cumulative_returns.iloc[i]) / peak\n",
    "    max_drawdown = np.max(drawdown)\n",
    "    return max_drawdown\n",
    "\n",
    "def STD(returns):\n",
    "    std_dev = np.std(returns)\n",
    "    return std_dev\n",
    "\n",
    "def SHARPE(returns, risk_free_rate=0):\n",
    "    excess_returns = returns - risk_free_rate\n",
    "    mean_excess_return = np.mean(excess_returns)\n",
    "    std_dev = np.std(returns)\n",
    "    sharpe_ratio = mean_excess_return / std_dev if std_dev != 0 else 0\n",
    "    return sharpe_ratio\n",
    "\n",
    "def cum_ret_gmv(dic, w_opt, start_date, end_date):  \n",
    "    \n",
    "    result = dict(zip(list(dic.keys()), w_opt))\n",
    "    data = download(dic, start_date, end_date)\n",
    "    ret = data.pct_change().dropna()\n",
    "    pfo_ret = ret.dot(pd.Series(result))\n",
    "    cum_ret = (1 + pfo_ret).cumprod()\n",
    "\n",
    "    print(f'포트폴리오의 MDD는: {round(MDD(cum_ret),2)*100}%')\n",
    "    print(f'포트폴리오의 표준편차는: {round(STD(pfo_ret),4)}')\n",
    "    \n",
    "    r_f = 0.02\n",
    "    print(f'포트폴리오의 Sharpe Ratio는: {round(SHARPE(pfo_ret, r_f),2)}')\n",
    "\n",
    "    return cum_ret\n",
    "\n",
    "def cum_ret_gpt(dic, start_date, end_date):  \n",
    "\n",
    "    data = download(dic, start_date, end_date)\n",
    "    ret = data.pct_change().dropna()\n",
    "    pfo_ret = ret.dot(pd.Series(dic))\n",
    "    cum_ret = (1 + pfo_ret).cumprod()\n",
    "\n",
    "    print(f'포트폴리오의 MDD는: {round(MDD(cum_ret),2)*100}%')\n",
    "    print(f'포트폴리오의 표준편차는: {round(STD(pfo_ret),4)}')\n",
    "    \n",
    "    r_f = 0.02\n",
    "    print(f'포트폴리오의 Sharpe Ratio는: {round(SHARPE(pfo_ret, r_f),2)}')\n",
    "        \n",
    "    return cum_ret"
   ]
  },
  {
   "cell_type": "code",
   "execution_count": 39,
   "id": "933df0d1-8d6e-4ef6-8098-8475087de173",
   "metadata": {},
   "outputs": [
    {
     "name": "stderr",
     "output_type": "stream",
     "text": [
      "100%|██████████████████████████████████████████████████████████████████████████████████| 15/15 [00:00<00:00, 616.17it/s]\n"
     ]
    },
    {
     "name": "stdout",
     "output_type": "stream",
     "text": [
      "포트폴리오의 MDD는: 11.0%\n",
      "포트폴리오의 표준편차는: 0.0062\n",
      "포트폴리오의 Sharpe Ratio는: -3.27\n"
     ]
    },
    {
     "name": "stderr",
     "output_type": "stream",
     "text": [
      "100%|██████████████████████████████████████████████████████████████████████████████████| 30/30 [00:00<00:00, 582.98it/s]\n"
     ]
    },
    {
     "name": "stdout",
     "output_type": "stream",
     "text": [
      "포트폴리오의 MDD는: 9.0%\n",
      "포트폴리오의 표준편차는: 0.0058\n",
      "포트폴리오의 Sharpe Ratio는: -3.5\n"
     ]
    },
    {
     "name": "stderr",
     "output_type": "stream",
     "text": [
      "100%|██████████████████████████████████████████████████████████████████████████████████| 45/45 [00:00<00:00, 641.95it/s]\n"
     ]
    },
    {
     "name": "stdout",
     "output_type": "stream",
     "text": [
      "포트폴리오의 MDD는: 7.000000000000001%\n",
      "포트폴리오의 표준편차는: 0.0058\n",
      "포트폴리오의 Sharpe Ratio는: -3.45\n"
     ]
    },
    {
     "name": "stderr",
     "output_type": "stream",
     "text": [
      "100%|██████████████████████████████████████████████████████████████████████████████████| 15/15 [00:00<00:00, 636.00it/s]\n"
     ]
    },
    {
     "name": "stdout",
     "output_type": "stream",
     "text": [
      "포트폴리오의 MDD는: 8.0%\n",
      "포트폴리오의 표준편차는: 0.008\n",
      "포트폴리오의 Sharpe Ratio는: -2.42\n"
     ]
    },
    {
     "name": "stderr",
     "output_type": "stream",
     "text": [
      "100%|██████████████████████████████████████████████████████████████████████████████████| 30/30 [00:00<00:00, 663.95it/s]\n"
     ]
    },
    {
     "name": "stdout",
     "output_type": "stream",
     "text": [
      "포트폴리오의 MDD는: 8.0%\n",
      "포트폴리오의 표준편차는: 0.0079\n",
      "포트폴리오의 Sharpe Ratio는: -2.44\n"
     ]
    },
    {
     "name": "stderr",
     "output_type": "stream",
     "text": [
      "100%|██████████████████████████████████████████████████████████████████████████████████| 45/45 [00:00<00:00, 707.72it/s]"
     ]
    },
    {
     "name": "stdout",
     "output_type": "stream",
     "text": [
      "포트폴리오의 MDD는: 7.000000000000001%\n",
      "포트폴리오의 표준편차는: 0.0069\n",
      "포트폴리오의 Sharpe Ratio는: -2.85\n"
     ]
    },
    {
     "name": "stderr",
     "output_type": "stream",
     "text": [
      "\n"
     ]
    }
   ],
   "source": [
    "# GMV, GPT OUT OF SAMPLE\n",
    "\n",
    "gmv_15_out = cum_ret_gmv(stocks_15, gmv_15, '2023-05-01', '2023-10-10')\n",
    "gmv_30_out = cum_ret_gmv(stocks_30, gmv_30, '2023-05-01', '2023-10-10')\n",
    "gmv_45_out = cum_ret_gmv(stocks_45, gmv_45, '2023-05-01', '2023-10-10')\n",
    "\n",
    "gpt_15_out = cum_ret_gpt(stocks_15, '2023-05-01', '2023-10-10')\n",
    "gpt_30_out = cum_ret_gpt(stocks_30, '2023-05-01', '2023-10-10')\n",
    "gpt_45_out = cum_ret_gpt(stocks_45, '2023-05-01', '2023-10-10')"
   ]
  },
  {
   "cell_type": "code",
   "execution_count": 40,
   "id": "eb815b2d-3125-421e-b52d-e39c1fff5dd4",
   "metadata": {},
   "outputs": [
    {
     "name": "stderr",
     "output_type": "stream",
     "text": [
      "100%|██████████████████████████████████████████████████████████████████████████████████| 15/15 [00:00<00:00, 289.83it/s]\n"
     ]
    },
    {
     "name": "stdout",
     "output_type": "stream",
     "text": [
      "포트폴리오의 MDD는: 34.0%\n",
      "포트폴리오의 표준편차는: 0.0139\n",
      "포트폴리오의 Sharpe Ratio는: -1.38\n"
     ]
    },
    {
     "name": "stderr",
     "output_type": "stream",
     "text": [
      "100%|██████████████████████████████████████████████████████████████████████████████████| 30/30 [00:00<00:00, 309.02it/s]\n"
     ]
    },
    {
     "name": "stdout",
     "output_type": "stream",
     "text": [
      "포트폴리오의 MDD는: 33.0%\n",
      "포트폴리오의 표준편차는: 0.0134\n",
      "포트폴리오의 Sharpe Ratio는: -1.44\n"
     ]
    },
    {
     "name": "stderr",
     "output_type": "stream",
     "text": [
      "100%|██████████████████████████████████████████████████████████████████████████████████| 45/45 [00:00<00:00, 200.38it/s]\n"
     ]
    },
    {
     "name": "stdout",
     "output_type": "stream",
     "text": [
      "포트폴리오의 MDD는: 33.0%\n",
      "포트폴리오의 표준편차는: 0.013\n",
      "포트폴리오의 Sharpe Ratio는: -1.49\n"
     ]
    },
    {
     "name": "stderr",
     "output_type": "stream",
     "text": [
      "100%|██████████████████████████████████████████████████████████████████████████████████| 15/15 [00:00<00:00, 580.95it/s]\n"
     ]
    },
    {
     "name": "stdout",
     "output_type": "stream",
     "text": [
      "포트폴리오의 MDD는: 9.0%\n",
      "포트폴리오의 표준편차는: 0.0077\n",
      "포트폴리오의 Sharpe Ratio는: -2.54\n"
     ]
    },
    {
     "name": "stderr",
     "output_type": "stream",
     "text": [
      "100%|██████████████████████████████████████████████████████████████████████████████████| 30/30 [00:00<00:00, 686.45it/s]\n"
     ]
    },
    {
     "name": "stdout",
     "output_type": "stream",
     "text": [
      "포트폴리오의 MDD는: 8.0%\n",
      "포트폴리오의 표준편차는: 0.007\n",
      "포트폴리오의 Sharpe Ratio는: -2.81\n"
     ]
    },
    {
     "name": "stderr",
     "output_type": "stream",
     "text": [
      "100%|██████████████████████████████████████████████████████████████████████████████████| 45/45 [00:00<00:00, 597.44it/s]"
     ]
    },
    {
     "name": "stdout",
     "output_type": "stream",
     "text": [
      "포트폴리오의 MDD는: 7.000000000000001%\n",
      "포트폴리오의 표준편차는: 0.0067\n",
      "포트폴리오의 Sharpe Ratio는: -2.92\n"
     ]
    },
    {
     "name": "stderr",
     "output_type": "stream",
     "text": [
      "\n"
     ]
    }
   ],
   "source": [
    "# SAME WEIGHTS IN, OUT OF SAMPLE\n",
    "\n",
    "gpt_15_samein = cum_ret_gpt(gpt15_same, '2018-05-01', '2023-10-31')\n",
    "gpt_30_samein = cum_ret_gpt(gpt30_same, '2018-05-01', '2023-10-31')\n",
    "gpt_45_samein = cum_ret_gpt(gpt45_same, '2018-05-01', '2023-10-31')\n",
    "\n",
    "gpt_15_sameout = cum_ret_gpt(gpt15_same, '2023-05-01', '2023-10-31')\n",
    "gpt_30_sameout = cum_ret_gpt(gpt30_same, '2023-05-01', '2023-10-31')\n",
    "gpt_45_sameout = cum_ret_gpt(gpt45_same, '2023-05-01', '2023-10-31')"
   ]
  },
  {
   "cell_type": "code",
   "execution_count": 41,
   "id": "9f5b454f-4144-473f-b3b9-b46d401f7a18",
   "metadata": {},
   "outputs": [],
   "source": [
    "# 동일가중\n",
    "\n",
    "def make_dict(dict):\n",
    "    dic = {}\n",
    "    \n",
    "    for column in dict.keys():\n",
    "        dic[column] = 1/len(dict.keys())\n",
    "\n",
    "    return dic\n",
    "    \n",
    "gpt15_same = make_dict(stocks_15)\n",
    "gpt30_same = make_dict(stocks_30)\n",
    "gpt45_same = make_dict(stocks_45)"
   ]
  },
  {
   "cell_type": "code",
   "execution_count": 42,
   "id": "163d330f-8034-4699-b03c-1b0b47ea7ea3",
   "metadata": {},
   "outputs": [
    {
     "name": "stdout",
     "output_type": "stream",
     "text": [
      "[*********************100%%**********************]  1 of 1 completed\n",
      "[*********************100%%**********************]  1 of 1 completed\n"
     ]
    }
   ],
   "source": [
    "# S&P500 Insample 기간\n",
    "\n",
    "snpin = yf.download('^GSPC', '2018-05-01', '2023-05-01')['Adj Close']\n",
    "snp_ret_in = snpin.pct_change().dropna()\n",
    "snpin = (1 + snp_ret_in).cumprod()\n",
    "\n",
    "# S&P500 Out of Sample 기간\n",
    "snpout = yf.download('^GSPC', '2023-05-01', '2023-10-31')['Adj Close']\n",
    "snp_ret_out = snpout.pct_change().dropna()\n",
    "snpout = (1 + snp_ret_out).cumprod()"
   ]
  },
  {
   "cell_type": "code",
   "execution_count": 43,
   "id": "bb5efe30-b5a9-4b6f-a5d2-6c38e015204d",
   "metadata": {},
   "outputs": [
    {
     "name": "stderr",
     "output_type": "stream",
     "text": [
